Dynamical matrix file
default                                                                    
  2    3   0   6.0288231   0.0000000   0.0000000   0.0000000   0.0000000   0.0000000
Basis vectors
      0.990497041    0.000000000    0.000000000
     -0.495248521    0.857795600    0.000000000
      0.000000000    0.000000000    6.000000000
           1  'Mo  '    87453.075126275595     
           2  'S   '    29225.459655279068     
    1    1     -0.0000000003      0.5718637328      1.0800008886
    2    2      0.4952485198      0.2859318664      1.5786839298
    3    2      0.4952485198      0.2859318664      0.5813151816

     Dynamical  Matrix in cartesian axes

     q = (    0.000000000   0.000000000   0.000000000 ) 

    1    1
  0.38951787   0.00000000     0.00000000   0.00000000     0.00000000   0.00000000
  0.00000000   0.00000000     0.38951787   0.00000000     0.00000000   0.00000000
  0.00000000   0.00000000     0.00000000   0.00000000     0.55946867   0.00000000
    1    2
 -0.19472105   0.00000000    -0.00000000   0.00000000     0.00000000   0.00000000
 -0.00000000   0.00000000    -0.19472105   0.00000000     0.00000000   0.00000000
  0.00000000   0.00000000     0.00000000   0.00000000    -0.27982069   0.00000000
    1    3
 -0.19471890   0.00000000    -0.00000000   0.00000000     0.00000000   0.00000000
 -0.00000000   0.00000000    -0.19471890   0.00000000     0.00000000   0.00000000
  0.00000000   0.00000000     0.00000000   0.00000000    -0.27981318   0.00000000
    2    1
 -0.19472105   0.00000000    -0.00000000   0.00000000     0.00000000   0.00000000
 -0.00000000   0.00000000    -0.19472105   0.00000000     0.00000000   0.00000000
  0.00000000   0.00000000     0.00000000   0.00000000    -0.27982069   0.00000000
    2    2
  0.18906804   0.00000000     0.00000000   0.00000000     0.00000000   0.00000000
  0.00000000   0.00000000     0.18906804   0.00000000     0.00000000   0.00000000
  0.00000000   0.00000000     0.00000000   0.00000000     0.29746089   0.00000000
    2    3
  0.00579889   0.00000000     0.00000000   0.00000000     0.00000000   0.00000000
  0.00000000   0.00000000     0.00579889   0.00000000     0.00000000   0.00000000
  0.00000000   0.00000000     0.00000000   0.00000000    -0.01801367   0.00000000
    3    1
 -0.19471890   0.00000000    -0.00000000   0.00000000     0.00000000   0.00000000
 -0.00000000   0.00000000    -0.19471890   0.00000000     0.00000000   0.00000000
  0.00000000   0.00000000     0.00000000   0.00000000    -0.27981318   0.00000000
    3    2
  0.00579889   0.00000000     0.00000000   0.00000000     0.00000000   0.00000000
  0.00000000   0.00000000     0.00579889   0.00000000     0.00000000   0.00000000
  0.00000000   0.00000000     0.00000000   0.00000000    -0.01801367   0.00000000
    3    3
  0.18913003   0.00000000     0.00000000   0.00000000     0.00000000   0.00000000
  0.00000000   0.00000000     0.18913003   0.00000000     0.00000000   0.00000000
  0.00000000   0.00000000     0.00000000   0.00000000     0.29754692   0.00000000

     Diagonalizing the dynamical matrix

     q = (    0.000000000   0.000000000   0.000000000 ) 

 **************************************************************************
     freq (    1) =      -0.246448 [THz] =      -8.220632 [cm-1]
 ( -0.000000  0.000000 -0.000000  0.000000  0.577126  0.000000 ) 
 ( -0.000000  0.000000 -0.000000  0.000000  0.577548  0.000000 ) 
 ( -0.000000  0.000000 -0.000000  0.000000  0.577377  0.000000 ) 
     freq (    2) =       0.179373 [THz] =       5.983225 [cm-1]
 ( -0.357329  0.000000  0.453715  0.000000  0.000000  0.000000 ) 
 ( -0.357224  0.000000  0.453582  0.000000  0.000000  0.000000 ) 
 ( -0.357099  0.000000  0.453424  0.000000  0.000000  0.000000 ) 
     freq (    3) =       0.179373 [THz] =       5.983225 [cm-1]
 ( -0.453715  0.000000 -0.357329  0.000000 -0.000000  0.000000 ) 
 ( -0.453582  0.000000 -0.357224  0.000000 -0.000000  0.000000 ) 
 ( -0.453424  0.000000 -0.357099  0.000000 -0.000000  0.000000 ) 
     freq (    4) =       8.239024 [THz] =     274.824253 [cm-1]
 ( -0.000068  0.000000  0.000087  0.000000  0.000000  0.000000 ) 
 (  0.437453  0.000000 -0.555602  0.000000  0.000000  0.000000 ) 
 ( -0.437402  0.000000  0.555537  0.000000 -0.000000  0.000000 ) 
     freq (    5) =       8.239024 [THz] =     274.824253 [cm-1]
 (  0.000087  0.000000  0.000068  0.000000  0.000000  0.000000 ) 
 ( -0.555602  0.000000 -0.437453  0.000000 -0.000000  0.000000 ) 
 (  0.555537  0.000000  0.437402  0.000000  0.000000  0.000000 ) 
     freq (    6) =      10.809513 [THz] =     360.566550 [cm-1]
 ( -0.000000  0.000000 -0.000000  0.000000  0.000118  0.000000 ) 
 (  0.000000  0.000000  0.000000  0.000000 -0.707178  0.000000 ) 
 (  0.000000  0.000000  0.000000  0.000000  0.707035  0.000000 ) 
     freq (    7) =      10.970437 [THz] =     365.934392 [cm-1]
 (  0.264228  0.000000 -0.335592  0.000000 -0.000000  0.000000 ) 
 ( -0.395433  0.000000  0.502233  0.000000 -0.000000  0.000000 ) 
 ( -0.395602  0.000000  0.502448  0.000000  0.000000  0.000000 ) 
     freq (    8) =      10.970437 [THz] =     365.934392 [cm-1]
 ( -0.335592  0.000000 -0.264228  0.000000  0.000000  0.000000 ) 
 (  0.502233  0.000000  0.395433  0.000000  0.000000  0.000000 ) 
 (  0.502448  0.000000  0.395602  0.000000 -0.000000  0.000000 ) 
     freq (    9) =      13.145467 [THz] =     438.485593 [cm-1]
 ( -0.000000  0.000000 -0.000000  0.000000 -0.427495  0.000000 ) 
 (  0.000000  0.000000  0.000000  0.000000  0.639066  0.000000 ) 
 (  0.000000  0.000000  0.000000  0.000000  0.639408  0.000000 ) 
 **************************************************************************
