Dynamical matrix file
default                                                                    
  2    3   0   6.0288231   0.0000000   0.0000000   0.0000000   0.0000000   0.0000000
Basis vectors
      0.990497041    0.000000000    0.000000000
     -0.495248521    0.857795600    0.000000000
      0.000000000    0.000000000    6.000000000
           1  'Mo  '    87453.075126275595     
           2  'S   '    29225.459655279068     
    1    1     -0.0000000003      0.5718637328      1.0800008886
    2    2      0.4952485198      0.2859318664      1.5786839298
    3    2      0.4952485198      0.2859318664      0.5813151816

     Dynamical  Matrix in cartesian axes

     q = (    0.000000000  -0.582889444   0.000000000 ) 

    1    1
  0.38960994   0.00000000     0.00000000   0.00000000     0.00000000   0.00000000
  0.00000000   0.00000000     0.18135134   0.00000000    -0.00000707   0.00000000
  0.00000000   0.00000000    -0.00000707   0.00000000     0.51453483   0.00000000
    1    2
 -0.14177195   0.00000000    -0.00000000   0.00000000     0.00000000   0.00000000
 -0.00000000   0.00000000     0.02459954   0.00000000     0.11539824   0.00000000
  0.00000000   0.00000000     0.12937564   0.00000000    -0.07844331   0.00000000
    1    3
 -0.14177171   0.00000000    -0.00000000   0.00000000     0.00000000   0.00000000
 -0.00000000   0.00000000     0.02459617   0.00000000    -0.11538743   0.00000000
  0.00000000   0.00000000    -0.12937301   0.00000000    -0.07843504   0.00000000
    2    1
 -0.14177195   0.00000000    -0.00000000   0.00000000     0.00000000   0.00000000
 -0.00000000   0.00000000     0.02459954   0.00000000     0.12937564   0.00000000
  0.00000000   0.00000000     0.11539824   0.00000000    -0.07844331   0.00000000
    2    2
  0.20538139   0.00000000     0.00000000   0.00000000     0.00000000   0.00000000
  0.00000000   0.00000000     0.25105501   0.00000000     0.00707956   0.00000000
  0.00000000   0.00000000     0.00707956   0.00000000     0.25725753   0.00000000
    2    3
 -0.00815800   0.00000000    -0.00000000   0.00000000     0.00000000   0.00000000
 -0.00000000   0.00000000     0.00496828   0.00000000     0.00664665   0.00000000
  0.00000000   0.00000000    -0.00664533   0.00000000    -0.01765469   0.00000000
    3    1
 -0.14177171   0.00000000    -0.00000000   0.00000000     0.00000000   0.00000000
 -0.00000000   0.00000000     0.02459617   0.00000000    -0.12937301   0.00000000
  0.00000000   0.00000000    -0.11538743   0.00000000    -0.07843504   0.00000000
    3    2
 -0.00815800   0.00000000    -0.00000000   0.00000000     0.00000000   0.00000000
 -0.00000000   0.00000000     0.00496828   0.00000000    -0.00664533   0.00000000
  0.00000000   0.00000000     0.00664665   0.00000000    -0.01765469   0.00000000
    3    3
  0.20544253   0.00000000     0.00000000   0.00000000     0.00000000   0.00000000
  0.00000000   0.00000000     0.25110829   0.00000000    -0.00708221   0.00000000
  0.00000000   0.00000000    -0.00708221   0.00000000     0.25736304   0.00000000

     Dynamical  Matrix in cartesian axes

     q = (   -0.504797066   0.291444722   0.000000000 ) 

    1    1
  0.23341599   0.00000000     0.09017862   0.00000000    -0.00000613   0.00000000
  0.09017862   0.00000000     0.33754529   0.00000000     0.00000354   0.00000000
 -0.00000613   0.00000000     0.00000354   0.00000000     0.51453483   0.00000000
    1    2
  0.01699333  -0.00000000     0.07204097  -0.00000000    -0.09993781   0.00000000
  0.07204097  -0.00000000     0.10017908  -0.00000000     0.05769912  -0.00000000
 -0.11204259   0.00000000     0.06468782  -0.00000000     0.07844331  -0.00000000
    1    3
  0.01699580  -0.00000000     0.07203940  -0.00000000     0.09992845  -0.00000000
  0.07203940  -0.00000000     0.10017974  -0.00000000    -0.05769372   0.00000000
  0.11204031  -0.00000000    -0.06468650   0.00000000     0.07843504  -0.00000000
    2    1
  0.01699333   0.00000000     0.07204097   0.00000000    -0.11204259  -0.00000000
  0.07204097   0.00000000     0.10017908   0.00000000     0.06468782   0.00000000
 -0.09993781  -0.00000000     0.05769912   0.00000000     0.07844331   0.00000000
    2    2
  0.23963660   0.00000000    -0.01977726   0.00000000     0.00613108   0.00000000
 -0.01977726   0.00000000     0.21679979   0.00000000    -0.00353978   0.00000000
  0.00613108   0.00000000    -0.00353978   0.00000000     0.25725753   0.00000000
    2    3
  0.00168671   0.00000000    -0.00568384   0.00000000     0.00575616   0.00000000
 -0.00568384   0.00000000    -0.00487643   0.00000000    -0.00332332   0.00000000
 -0.00575502   0.00000000     0.00332266   0.00000000    -0.01765469   0.00000000
    3    1
  0.01699580   0.00000000     0.07203940   0.00000000     0.11204031   0.00000000
  0.07203940   0.00000000     0.10017974   0.00000000    -0.06468650  -0.00000000
  0.09992845   0.00000000    -0.05769372  -0.00000000     0.07843504   0.00000000
    3    2
  0.00168671   0.00000000    -0.00568384   0.00000000    -0.00575502   0.00000000
 -0.00568384   0.00000000    -0.00487643   0.00000000     0.00332266   0.00000000
  0.00575616   0.00000000    -0.00332332   0.00000000    -0.01765469   0.00000000
    3    3
  0.23969185   0.00000000    -0.01977385   0.00000000    -0.00613337   0.00000000
 -0.01977385   0.00000000     0.21685897   0.00000000     0.00354110   0.00000000
 -0.00613337   0.00000000     0.00354110   0.00000000     0.25736304   0.00000000

     Dynamical  Matrix in cartesian axes

     q = (    0.504797066   0.291444722   0.000000000 ) 

    1    1
  0.23341599   0.00000000    -0.09017862   0.00000000     0.00000613   0.00000000
 -0.09017862   0.00000000     0.33754529   0.00000000     0.00000354   0.00000000
  0.00000613   0.00000000     0.00000354   0.00000000     0.51453483   0.00000000
    1    2
 -0.01699333   0.00000000     0.07204097  -0.00000000    -0.09993781   0.00000000
  0.07204097  -0.00000000    -0.10017907   0.00000000    -0.05769912   0.00000000
 -0.11204259   0.00000000    -0.06468782   0.00000000    -0.07844331   0.00000000
    1    3
 -0.01699580   0.00000000     0.07203940  -0.00000000     0.09992845  -0.00000000
  0.07203940  -0.00000000    -0.10017974   0.00000000     0.05769372  -0.00000000
  0.11204031  -0.00000000     0.06468650  -0.00000000    -0.07843504   0.00000000
    2    1
 -0.01699333  -0.00000000     0.07204097   0.00000000    -0.11204259  -0.00000000
  0.07204097   0.00000000    -0.10017907  -0.00000000    -0.06468782  -0.00000000
 -0.09993781  -0.00000000    -0.05769912  -0.00000000    -0.07844331  -0.00000000
    2    2
  0.23963660   0.00000000     0.01977726   0.00000000    -0.00613108   0.00000000
  0.01977726   0.00000000     0.21679979   0.00000000    -0.00353978   0.00000000
 -0.00613108   0.00000000    -0.00353978   0.00000000     0.25725753   0.00000000
    2    3
  0.00168671   0.00000000     0.00568384   0.00000000    -0.00575616   0.00000000
  0.00568384   0.00000000    -0.00487643   0.00000000    -0.00332332   0.00000000
  0.00575502   0.00000000     0.00332266   0.00000000    -0.01765469   0.00000000
    3    1
 -0.01699580  -0.00000000     0.07203940   0.00000000     0.11204031   0.00000000
  0.07203940   0.00000000    -0.10017974  -0.00000000     0.06468650   0.00000000
  0.09992845   0.00000000     0.05769372   0.00000000    -0.07843504  -0.00000000
    3    2
  0.00168671   0.00000000     0.00568384   0.00000000     0.00575502   0.00000000
  0.00568384   0.00000000    -0.00487643   0.00000000     0.00332266   0.00000000
 -0.00575616   0.00000000    -0.00332332   0.00000000    -0.01765469   0.00000000
    3    3
  0.23969185   0.00000000     0.01977385   0.00000000     0.00613337   0.00000000
  0.01977385   0.00000000     0.21685897   0.00000000     0.00354110   0.00000000
  0.00613337   0.00000000     0.00354110   0.00000000     0.25736304   0.00000000

     Diagonalizing the dynamical matrix

     q = (    0.000000000  -0.582889444   0.000000000 ) 

 **************************************************************************
     freq (    1) =       2.950186 [THz] =      98.407608 [cm-1]
 ( -0.000000  0.000000  0.832514  0.000000 -0.000051  0.000000 ) 
 ( -0.000000  0.000000 -0.087328  0.000000 -0.382012  0.000000 ) 
 ( -0.000000  0.000000 -0.087363  0.000000  0.381744  0.000000 ) 
     freq (    2) =       3.993870 [THz] =     133.221152 [cm-1]
 ( -0.609597  0.000000 -0.000000  0.000000  0.000000 -0.000000 ) 
 ( -0.560633  0.000000  0.000000 -0.000000  0.000000 -0.000000 ) 
 ( -0.560431  0.000000  0.000000  0.000000 -0.000000  0.000000 ) 
     freq (    3) =       5.255760 [THz] =     175.313294 [cm-1]
 (  0.000000  0.000000 -0.000085  0.000000 -0.591430  0.000000 ) 
 ( -0.000000  0.000000  0.471812  0.000000 -0.320320  0.000000 ) 
 (  0.000000  0.000000 -0.471644  0.000000 -0.320234  0.000000 ) 
     freq (    4) =       8.893331 [THz] =     296.649575 [cm-1]
 ( -0.000170  0.000000 -0.000000  0.000000 -0.000000  0.000000 ) 
 (  0.707255  0.000000 -0.000000  0.000000 -0.000000  0.000000 ) 
 ( -0.706958  0.000000  0.000000  0.000000 -0.000000  0.000000 ) 
     freq (    5) =       9.680624 [THz] =     322.910860 [cm-1]
 ( -0.000000  0.000000 -0.000230  0.000000  0.048267  0.000000 ) 
 ( -0.000000  0.000000 -0.333702  0.000000 -0.623396  0.000000 ) 
 (  0.000000  0.000000  0.331330  0.000000 -0.622825  0.000000 ) 
     freq (    6) =       9.746478 [THz] =     325.107518 [cm-1]
 ( -0.000000  0.000000 -0.015057  0.000000 -0.000218  0.000000 ) 
 (  0.000000  0.000000 -0.697895  0.000000  0.111647  0.000000 ) 
 (  0.000000  0.000000 -0.698744  0.000000 -0.109578  0.000000 ) 
     freq (    7) =      10.262338 [THz] =     342.314738 [cm-1]
 (  0.398561  0.000000  0.000000  0.000000 -0.000000  0.000000 ) 
 ( -0.648238  0.000000 -0.000000  0.000000 -0.000000  0.000000 ) 
 ( -0.648796  0.000000 -0.000000  0.000000  0.000000  0.000000 ) 
     freq (    8) =      10.742300 [THz] =     358.324569 [cm-1]
 (  0.000000  0.000000  0.216458  0.000000 -0.000186  0.000000 ) 
 ( -0.000000  0.000000  0.100681  0.000000  0.682508  0.000000 ) 
 ( -0.000000  0.000000  0.101688  0.000000 -0.683265  0.000000 ) 
     freq (    9) =      11.056007 [THz] =     368.788696 [cm-1]
 ( -0.000000  0.000000 -0.000107  0.000000 -0.409579  0.000000 ) 
 ( -0.000000  0.000000 -0.587464  0.000000  0.265686  0.000000 ) 
 (  0.000000  0.000000  0.587792  0.000000  0.266539  0.000000 ) 
 **************************************************************************
