Dynamical matrix file
default                                                                    
  2    3   0   6.0288231   0.0000000   0.0000000   0.0000000   0.0000000   0.0000000
Basis vectors
      0.990497041    0.000000000    0.000000000
     -0.495248521    0.857795600    0.000000000
      0.000000000    0.000000000    6.000000000
           1  'Mo  '    87453.075126275595     
           2  'S   '    29225.459655279068     
    1    1     -0.0000000003      0.5718637328      1.0800008886
    2    2      0.4952485198      0.2859318664      1.5786839298
    3    2      0.4952485198      0.2859318664      0.5813151816

     Dynamical  Matrix in cartesian axes

     q = (    0.252398533   0.582889444   0.000000000 ) 

    1    1
  0.38378177   0.00000000     0.00000000   0.12013405     0.00000000  -0.00000370
  0.00000000  -0.12013405     0.31948020   0.00000000    -0.00000139  -0.00000000
  0.00000000   0.00000370    -0.00000139   0.00000000     0.51962629   0.00000000
    1    2
 -0.08138986   0.08138986     0.05165705   0.05165705    -0.04573317  -0.04573317
  0.05918420   0.05918420     0.05608463  -0.05608463     0.07981435  -0.07981435
 -0.05751531  -0.05751531     0.08124623  -0.08124623    -0.02356714   0.02356714
    1    3
 -0.08138513   0.08138513     0.05165777   0.05165777     0.04572654   0.04572654
  0.05918349   0.05918349     0.05608589  -0.05608589    -0.07980980   0.07980980
  0.05752364   0.05752364    -0.08126124   0.08126124    -0.02356751   0.02356751
    2    1
 -0.08138986  -0.08138986     0.05918420  -0.05918420    -0.05751531   0.05751531
  0.05165705  -0.05165705     0.05608463   0.05608463     0.08124623   0.08124623
 -0.04573317   0.04573317     0.07981435   0.07981435    -0.02356714  -0.02356714
    2    2
  0.22445307   0.00000000     0.00000000   0.00004950     0.00000000   0.00374736
  0.00000000  -0.00004950     0.23991763   0.00000000    -0.00222743   0.00000000
  0.00000000  -0.00374736    -0.00222743  -0.00000000     0.25914197   0.00000000
    2    3
 -0.00987296   0.00000000    -0.00000000   0.01463116     0.00000000   0.00094774
 -0.00000000  -0.01463856    -0.00820510  -0.00000000     0.00586303   0.00000000
  0.00000000   0.00093899    -0.00586632   0.00000000    -0.02378747   0.00000000
    3    1
 -0.08138513  -0.08138513     0.05918349  -0.05918349     0.05752364  -0.05752364
  0.05165777  -0.05165777     0.05608589   0.05608589    -0.08126124  -0.08126124
  0.04572654  -0.04572654    -0.07980980  -0.07980980    -0.02356751  -0.02356751
    3    2
 -0.00987296   0.00000000    -0.00000000   0.01463856     0.00000000  -0.00093899
 -0.00000000  -0.01463116    -0.00820510   0.00000000    -0.00586632  -0.00000000
  0.00000000  -0.00094774     0.00586303  -0.00000000    -0.02378747   0.00000000
    3    3
  0.22448271   0.00000000     0.00000000   0.00006601     0.00000000  -0.00374555
  0.00000000  -0.00006601     0.23996682   0.00000000     0.00222660  -0.00000000
  0.00000000   0.00374555     0.00222660   0.00000000     0.25924915   0.00000000

     Dynamical  Matrix in cartesian axes

     q = (   -0.252398533   0.582889443   0.000000000 ) 

    1    1
  0.38378177   0.00000000     0.00000000  -0.12013405     0.00000000   0.00000370
  0.00000000   0.12013405     0.31948020  -0.00000000    -0.00000139   0.00000000
  0.00000000  -0.00000370    -0.00000139  -0.00000000     0.51962629   0.00000000
    1    2
 -0.08138986  -0.08138986     0.05165705  -0.05165705    -0.04573317   0.04573317
  0.05918420  -0.05918420     0.05608463   0.05608463     0.07981435   0.07981435
 -0.05751531   0.05751531     0.08124623   0.08124623    -0.02356714  -0.02356714
    1    3
 -0.08138513  -0.08138513     0.05165777  -0.05165777     0.04572654  -0.04572654
  0.05918349  -0.05918349     0.05608589   0.05608589    -0.07980980  -0.07980980
  0.05752364  -0.05752364    -0.08126124  -0.08126124    -0.02356751  -0.02356751
    2    1
 -0.08138986   0.08138986     0.05918420   0.05918420    -0.05751531  -0.05751531
  0.05165705   0.05165705     0.05608463  -0.05608463     0.08124623  -0.08124623
 -0.04573317  -0.04573317     0.07981435  -0.07981435    -0.02356714   0.02356714
    2    2
  0.22445307   0.00000000     0.00000000  -0.00004950     0.00000000  -0.00374736
  0.00000000   0.00004950     0.23991763   0.00000000    -0.00222743  -0.00000000
  0.00000000   0.00374736    -0.00222743   0.00000000     0.25914197   0.00000000
    2    3
 -0.00987296   0.00000000    -0.00000000  -0.01463116     0.00000000  -0.00094774
 -0.00000000   0.01463856    -0.00820510   0.00000000     0.00586303  -0.00000000
  0.00000000  -0.00093899    -0.00586632  -0.00000000    -0.02378747   0.00000000
    3    1
 -0.08138513   0.08138513     0.05918349   0.05918349     0.05752364   0.05752364
  0.05165777   0.05165777     0.05608589  -0.05608589    -0.08126124   0.08126124
  0.04572654   0.04572654    -0.07980980   0.07980980    -0.02356751   0.02356751
    3    2
 -0.00987296   0.00000000    -0.00000000  -0.01463856     0.00000000   0.00093899
 -0.00000000   0.01463116    -0.00820510  -0.00000000    -0.00586632   0.00000000
  0.00000000   0.00094774     0.00586303   0.00000000    -0.02378747   0.00000000
    3    3
  0.22448271   0.00000000     0.00000000  -0.00006601     0.00000000   0.00374555
  0.00000000   0.00006601     0.23996682  -0.00000000     0.00222660   0.00000000
  0.00000000  -0.00374555     0.00222660  -0.00000000     0.25924915   0.00000000

     Dynamical  Matrix in cartesian axes

     q = (    0.378597799  -0.510028263   0.000000000 ) 

    1    1
  0.33555559  -0.00000000     0.02784340   0.12013405    -0.00000120   0.00000185
  0.02784340  -0.12013405     0.36770638   0.00000000     0.00000069   0.00000320
 -0.00000120  -0.00000185     0.00000069  -0.00000320     0.51962629   0.00000000
    1    2
 -0.03071107   0.06787612     0.08418559   0.04451080    -0.09775222  -0.03233823
  0.08418559   0.03386580     0.06649808  -0.06787612     0.05643727  -0.05601146
 -0.09950591  -0.04066946     0.05744976  -0.07044158     0.03332897   0.00000000
    1    3
 -0.03071408   0.06787613     0.08418346   0.04450979     0.09774664   0.03233355
  0.08418346   0.03386682     0.06649260  -0.06787613    -0.05643405   0.05600334
  0.09952429   0.04067536    -0.05746037   0.07045179     0.03332949   0.00000000
    2    1
 -0.03071107  -0.06787612     0.08418559  -0.03386580    -0.09950591   0.04066946
  0.08418559  -0.04451080     0.06649808   0.06787612     0.05744976   0.07044158
 -0.09775222   0.03233823     0.05643727   0.05601146     0.03332897  -0.00000000
    2    2
  0.23605149   0.00000000    -0.00669635   0.00004950    -0.00192901  -0.00187368
 -0.00669635  -0.00004950     0.22831921   0.00000000     0.00111372  -0.00324531
 -0.00192901   0.00187368     0.00111372   0.00324531     0.25914197   0.00000000
    2    3
 -0.00862206   0.00000320    -0.00072221   0.01463671     0.00507754  -0.00047387
 -0.00072221  -0.01463301    -0.00945600  -0.00000320    -0.00293152  -0.00082076
 -0.00508038  -0.00046949     0.00293316  -0.00081319    -0.02378747   0.00000000
    3    1
 -0.03071408  -0.06787613     0.08418346  -0.03386682     0.09952429  -0.04067536
  0.08418346  -0.04450979     0.06649260   0.06787613    -0.05746037  -0.07045179
  0.09774664  -0.03233355    -0.05643405  -0.05600334     0.03332949  -0.00000000
    3    2
 -0.00862206  -0.00000320    -0.00072221   0.01463301    -0.00508038   0.00046949
 -0.00072221  -0.01463671    -0.00945600   0.00000320     0.00293316   0.00081319
  0.00507754   0.00047387    -0.00293152   0.00082076    -0.02378747   0.00000000
    3    3
  0.23609579  -0.00000000    -0.00670482   0.00006601     0.00192829   0.00187278
 -0.00670482  -0.00006601     0.22835374   0.00000000    -0.00111330   0.00324374
  0.00192829  -0.00187278    -0.00111330  -0.00324374     0.25924915   0.00000000

     Dynamical  Matrix in cartesian axes

     q = (   -0.630996332  -0.072861181   0.000000000 ) 

    1    1
  0.33555559   0.00000000    -0.02784340   0.12013405     0.00000120   0.00000185
 -0.02784340  -0.12013405     0.36770638  -0.00000000     0.00000069  -0.00000320
  0.00000120  -0.00000185     0.00000069   0.00000320     0.51962629   0.00000000
    1    2
 -0.02627966   0.06971167     0.09100209   0.02805431    -0.09198784  -0.04625467
  0.08347494   0.03558146     0.00097443  -0.09501691    -0.00030109  -0.07951326
 -0.09911895  -0.04160365     0.00918660  -0.09043283    -0.02356714  -0.02356714
    1    3
 -0.02627754   0.06971381     0.09099987   0.02805352     0.09198058   0.04625404
  0.08347415   0.03557924     0.00097830  -0.09501304     0.00030455   0.07950524
  0.09913612   0.04161248    -0.00918632   0.09044756    -0.02356751  -0.02356751
    2    1
 -0.02627966  -0.06971167     0.08347494  -0.03558146    -0.09911895   0.04160365
  0.09100209  -0.02805431     0.00097443   0.09501691     0.00918660   0.09043283
 -0.09198784   0.04625467    -0.00030109   0.07951326    -0.02356714   0.02356714
    2    2
  0.23605149   0.00000000     0.00669635   0.00004950     0.00192901  -0.00187368
  0.00669635  -0.00004950     0.22831921   0.00000000     0.00111372   0.00324531
  0.00192901   0.00187368     0.00111372  -0.00324531     0.25914197   0.00000000
    2    3
 -0.00862206  -0.00000320     0.00072221   0.01463671    -0.00507754  -0.00047387
  0.00072221  -0.01463301    -0.00945600   0.00000320    -0.00293152   0.00082076
  0.00508038  -0.00046949     0.00293316   0.00081319    -0.02378747   0.00000000
    3    1
 -0.02627754  -0.06971381     0.08347415  -0.03557924     0.09913612  -0.04161248
  0.09099987  -0.02805352     0.00097830   0.09501304    -0.00918632  -0.09044756
  0.09198058  -0.04625404     0.00030455  -0.07950524    -0.02356751   0.02356751
    3    2
 -0.00862206   0.00000320     0.00072221   0.01463301     0.00508038   0.00046949
  0.00072221  -0.01463671    -0.00945600  -0.00000320     0.00293316  -0.00081319
 -0.00507754   0.00047387    -0.00293152  -0.00082076    -0.02378747   0.00000000
    3    3
  0.23609579   0.00000000     0.00670482   0.00006601    -0.00192829   0.00187278
  0.00670482  -0.00006601     0.22835374  -0.00000000    -0.00111330  -0.00324374
 -0.00192829  -0.00187278    -0.00111330   0.00324374     0.25924915   0.00000000

     Dynamical  Matrix in cartesian axes

     q = (    0.630996332  -0.072861180   0.000000000 ) 

    1    1
  0.33555559   0.00000000     0.02784340  -0.12013405    -0.00000120  -0.00000185
  0.02784340   0.12013405     0.36770638  -0.00000000     0.00000069  -0.00000320
 -0.00000120   0.00000185     0.00000069   0.00000320     0.51962629   0.00000000
    1    2
 -0.03071107  -0.06787612     0.08418559  -0.04451080    -0.09775222   0.03233823
  0.08418559  -0.03386580     0.06649808   0.06787612     0.05643727   0.05601146
 -0.09950591   0.04066946     0.05744976   0.07044158     0.03332897   0.00000000
    1    3
 -0.03071408  -0.06787613     0.08418346  -0.04450979     0.09774664  -0.03233354
  0.08418346  -0.03386682     0.06649260   0.06787613    -0.05643405  -0.05600334
  0.09952429  -0.04067536    -0.05746037  -0.07045179     0.03332949   0.00000000
    2    1
 -0.03071107   0.06787612     0.08418559   0.03386580    -0.09950591  -0.04066946
  0.08418559   0.04451080     0.06649808  -0.06787612     0.05744976  -0.07044158
 -0.09775222  -0.03233823     0.05643727  -0.05601146     0.03332897  -0.00000000
    2    2
  0.23605149   0.00000000    -0.00669635  -0.00004950    -0.00192901   0.00187368
 -0.00669635   0.00004950     0.22831921   0.00000000     0.00111372   0.00324531
 -0.00192901  -0.00187368     0.00111372  -0.00324531     0.25914197   0.00000000
    2    3
 -0.00862206  -0.00000320    -0.00072221  -0.01463671     0.00507754   0.00047387
 -0.00072221   0.01463301    -0.00945600   0.00000320    -0.00293152   0.00082076
 -0.00508038   0.00046949     0.00293316   0.00081319    -0.02378747   0.00000000
    3    1
 -0.03071408   0.06787613     0.08418346   0.03386682     0.09952429   0.04067536
  0.08418346   0.04450979     0.06649260  -0.06787613    -0.05746037   0.07045179
  0.09774664   0.03233354    -0.05643405   0.05600334     0.03332949  -0.00000000
    3    2
 -0.00862206   0.00000320    -0.00072221  -0.01463301    -0.00508038  -0.00046949
 -0.00072221   0.01463671    -0.00945600  -0.00000320     0.00293316  -0.00081319
  0.00507754  -0.00047387    -0.00293152  -0.00082076    -0.02378747   0.00000000
    3    3
  0.23609579   0.00000000    -0.00670482  -0.00006601     0.00192829  -0.00187278
 -0.00670482   0.00006601     0.22835374  -0.00000000    -0.00111330  -0.00324374
  0.00192829   0.00187278    -0.00111330   0.00324374     0.25924915   0.00000000

     Dynamical  Matrix in cartesian axes

     q = (   -0.378597799  -0.510028263   0.000000000 ) 

    1    1
  0.33555559  -0.00000000    -0.02784340  -0.12013405     0.00000120  -0.00000185
 -0.02784340   0.12013405     0.36770638   0.00000000     0.00000069   0.00000320
  0.00000120   0.00000185     0.00000069  -0.00000320     0.51962629   0.00000000
    1    2
 -0.02627966  -0.06971167     0.09100209  -0.02805431    -0.09198784   0.04625467
  0.08347494  -0.03558146     0.00097443   0.09501691    -0.00030109   0.07951326
 -0.09911895   0.04160365     0.00918660   0.09043283    -0.02356714   0.02356714
    1    3
 -0.02627754  -0.06971381     0.09099987  -0.02805352     0.09198058  -0.04625404
  0.08347415  -0.03557924     0.00097830   0.09501304     0.00030455  -0.07950524
  0.09913612  -0.04161248    -0.00918632  -0.09044756    -0.02356751   0.02356751
    2    1
 -0.02627966   0.06971167     0.08347494   0.03558146    -0.09911895  -0.04160365
  0.09100209   0.02805431     0.00097443  -0.09501691     0.00918660  -0.09043283
 -0.09198784  -0.04625467    -0.00030109  -0.07951326    -0.02356714  -0.02356714
    2    2
  0.23605149   0.00000000     0.00669635  -0.00004950     0.00192901   0.00187368
  0.00669635   0.00004950     0.22831921   0.00000000     0.00111372  -0.00324531
  0.00192901  -0.00187368     0.00111372   0.00324531     0.25914197   0.00000000
    2    3
 -0.00862206   0.00000320     0.00072221  -0.01463671    -0.00507754   0.00047387
  0.00072221   0.01463301    -0.00945600  -0.00000320    -0.00293152  -0.00082076
  0.00508038   0.00046949     0.00293316  -0.00081319    -0.02378747   0.00000000
    3    1
 -0.02627754   0.06971381     0.08347415   0.03557924     0.09913612   0.04161248
  0.09099987   0.02805352     0.00097830  -0.09501304    -0.00918632   0.09044756
  0.09198058   0.04625404     0.00030455   0.07950524    -0.02356751  -0.02356751
    3    2
 -0.00862206  -0.00000320     0.00072221  -0.01463301     0.00508038  -0.00046949
  0.00072221   0.01463671    -0.00945600   0.00000320     0.00293316   0.00081319
 -0.00507754  -0.00047387    -0.00293152   0.00082076    -0.02378747   0.00000000
    3    3
  0.23609579  -0.00000000     0.00670482  -0.00006601    -0.00192829  -0.00187278
  0.00670482   0.00006601     0.22835374   0.00000000    -0.00111330   0.00324374
 -0.00192829   0.00187278    -0.00111330  -0.00324374     0.25924915   0.00000000

     Diagonalizing the dynamical matrix

     q = (    0.252398533   0.582889444   0.000000000 ) 

 **************************************************************************
     freq (    1) =       2.916687 [THz] =      97.290208 [cm-1]
 (  0.034357  0.034357 -0.482938  0.482938  0.000013 -0.000013 ) 
 (  0.000000 -0.294962  0.275664  0.000000  0.320430  0.000000 ) 
 (  0.000000 -0.294943  0.275647  0.000000 -0.320220  0.000000 ) 
     freq (    2) =       3.984499 [THz] =     132.908578 [cm-1]
 (  0.466538  0.466538 -0.055335  0.055335  0.000024 -0.000024 ) 
 ( -0.000000  0.421905 -0.246581 -0.000000  0.201324 -0.000000 ) 
 ( -0.000000  0.421878 -0.246503 -0.000000 -0.201193  0.000000 ) 
     freq (    3) =       5.407395 [THz] =     180.371293 [cm-1]
 ( -0.000029 -0.000029  0.000020 -0.000020  0.413286 -0.413286 ) 
 (  0.000000 -0.350767 -0.430341  0.000000  0.145034  0.000000 ) 
 ( -0.000000  0.350677  0.430251 -0.000000  0.145026  0.000000 ) 
     freq (    4) =       9.379327 [THz] =     312.860671 [cm-1]
 (  0.000082  0.000082 -0.000121  0.000121  0.011728 -0.011728 ) 
 (  0.000000 -0.117002 -0.104045  0.000000 -0.689861 -0.000000 ) 
 ( -0.000000  0.116339  0.103192 -0.000000 -0.689289  0.000000 ) 
     freq (    5) =       9.440219 [THz] =     314.891811 [cm-1]
 (  0.027318  0.027318 -0.011219  0.011219 -0.000136  0.000136 ) 
 (  0.000000 -0.432424 -0.558300 -0.000000  0.023781  0.000000 ) 
 (  0.000000 -0.431935 -0.558499 -0.000000 -0.022623  0.000000 ) 
     freq (    6) =       9.658090 [THz] =     322.159217 [cm-1]
 ( -0.000016 -0.000016 -0.000022  0.000022  0.046213 -0.046213 ) 
 ( -0.000000  0.598965 -0.370422 -0.000000 -0.043382  0.000000 ) 
 (  0.000000 -0.599317  0.369878  0.000000 -0.043413  0.000000 ) 
     freq (    7) =      10.939650 [THz] =     364.907442 [cm-1]
 ( -0.014381 -0.014381 -0.000004  0.000004 -0.289996  0.289996 ) 
 ( -0.000000 -0.255588 -0.584937 -0.000000  0.154634  0.000000 ) 
 ( -0.000000  0.296485  0.552874  0.000000  0.080188  0.000000 ) 
     freq (    8) =      10.942238 [THz] =     364.993784 [cm-1]
 (  0.212721  0.212721 -0.000243  0.000243 -0.017301  0.017301 ) 
 ( -0.000000 -0.316372  0.206448 -0.000000 -0.545158 -0.000000 ) 
 ( -0.000000 -0.283579  0.274334 -0.000000  0.559747  0.000000 ) 
     freq (    9) =      11.130517 [THz] =     371.274077 [cm-1]
 (  0.121627  0.121627  0.240139 -0.240139 -0.000026  0.000026 ) 
 ( -0.000000 -0.354885  0.297082 -0.000000  0.461568 -0.000000 ) 
 ( -0.000000 -0.354823  0.297319 -0.000000 -0.462099  0.000000 ) 
 **************************************************************************
