Dynamical matrix file
default                                                                    
  2    3   0   6.0288231   0.0000000   0.0000000   0.0000000   0.0000000   0.0000000
Basis vectors
      0.990497041    0.000000000    0.000000000
     -0.495248521    0.857795600    0.000000000
      0.000000000    0.000000000    6.000000000
           1  'Mo  '    87453.075126275595     
           2  'S   '    29225.459655279068     
    1    1     -0.0000000003      0.5718637328      1.0800008886
    2    2      0.4952485198      0.2859318664      1.5786839298
    3    2      0.4952485198      0.2859318664      0.5813151816

     Dynamical  Matrix in cartesian axes

     q = (    0.000000000   0.437167083   0.000000000 ) 

    1    1
  0.44600585   0.00000000     0.00000000   0.00000000     0.00000000   0.00000000
  0.00000000   0.00000000     0.40203180   0.00000000     0.00000042   0.00000539
  0.00000000   0.00000000     0.00000042  -0.00000539     0.52820556   0.00000000
    1    2
 -0.15528202  -0.02688641    -0.00000000  -0.00000000     0.00000000   0.00000000
 -0.00000000  -0.00000000    -0.02048183  -0.05248635     0.11835189  -0.06360835
  0.00000000   0.00000000     0.11216111  -0.05196475    -0.10723232  -0.06309604
    1    3
 -0.15528177  -0.02688664    -0.00000000  -0.00000000     0.00000000   0.00000000
 -0.00000000  -0.00000000    -0.02048842  -0.05248936    -0.11834911   0.06360594
  0.00000000   0.00000000    -0.11214368   0.05194774    -0.10721904  -0.06309147
    2    1
 -0.15528202   0.02688641    -0.00000000   0.00000000     0.00000000   0.00000000
 -0.00000000   0.00000000    -0.02048183   0.05248635     0.11216111   0.05196475
  0.00000000   0.00000000     0.11835189   0.06360835    -0.10723232   0.06309604
    2    2
  0.20495901   0.00000000     0.00000000   0.00000000     0.00000000   0.00000000
  0.00000000   0.00000000     0.25076573   0.00000000     0.00317168   0.00947276
  0.00000000   0.00000000     0.00317168  -0.00947276     0.26700614   0.00000000
    2    3
 -0.00481260  -0.00000011    -0.00000000  -0.00000000     0.00000000   0.00000000
 -0.00000000  -0.00000000     0.01429209   0.00000107     0.00842746   0.00746459
  0.00000000   0.00000000    -0.00842479   0.00746474    -0.02317332   0.00000000
    3    1
 -0.15528177   0.02688664    -0.00000000   0.00000000     0.00000000   0.00000000
 -0.00000000   0.00000000    -0.02048842   0.05248936    -0.11214368  -0.05194774
  0.00000000   0.00000000    -0.11834911  -0.06360594    -0.10721904   0.06309147
    3    2
 -0.00481260   0.00000011    -0.00000000   0.00000000     0.00000000   0.00000000
 -0.00000000   0.00000000     0.01429209  -0.00000107    -0.00842479  -0.00746474
  0.00000000   0.00000000     0.00842746  -0.00746459    -0.02317332  -0.00000000
    3    3
  0.20502021   0.00000000     0.00000000   0.00000000     0.00000000   0.00000000
  0.00000000   0.00000000     0.25082338   0.00000000    -0.00317863  -0.00947126
  0.00000000   0.00000000    -0.00317863   0.00947126     0.26711989   0.00000000

     Dynamical  Matrix in cartesian axes

     q = (   -0.000000000  -0.437167083  -0.000000000 ) 

    1    1
  0.44600585  -0.00000000     0.00000000  -0.00000000     0.00000000  -0.00000000
  0.00000000  -0.00000000     0.40203180  -0.00000000     0.00000042  -0.00000539
  0.00000000  -0.00000000     0.00000042   0.00000539     0.52820556  -0.00000000
    1    2
 -0.15528202   0.02688641    -0.00000000   0.00000000     0.00000000  -0.00000000
 -0.00000000   0.00000000    -0.02048183   0.05248635     0.11835189   0.06360835
  0.00000000  -0.00000000     0.11216111   0.05196475    -0.10723232   0.06309604
    1    3
 -0.15528177   0.02688664    -0.00000000   0.00000000     0.00000000  -0.00000000
 -0.00000000   0.00000000    -0.02048842   0.05248936    -0.11834911  -0.06360594
  0.00000000  -0.00000000    -0.11214368  -0.05194774    -0.10721904   0.06309147
    2    1
 -0.15528202  -0.02688641    -0.00000000  -0.00000000     0.00000000  -0.00000000
 -0.00000000  -0.00000000    -0.02048183  -0.05248635     0.11216111  -0.05196475
  0.00000000  -0.00000000     0.11835189  -0.06360835    -0.10723232  -0.06309604
    2    2
  0.20495901  -0.00000000     0.00000000  -0.00000000     0.00000000  -0.00000000
  0.00000000  -0.00000000     0.25076573  -0.00000000     0.00317168  -0.00947276
  0.00000000  -0.00000000     0.00317168   0.00947276     0.26700614  -0.00000000
    2    3
 -0.00481260   0.00000011    -0.00000000   0.00000000     0.00000000  -0.00000000
 -0.00000000   0.00000000     0.01429209  -0.00000107     0.00842746  -0.00746459
  0.00000000  -0.00000000    -0.00842479  -0.00746474    -0.02317332  -0.00000000
    3    1
 -0.15528177  -0.02688664    -0.00000000  -0.00000000     0.00000000  -0.00000000
 -0.00000000  -0.00000000    -0.02048842  -0.05248936    -0.11214368   0.05194774
  0.00000000  -0.00000000    -0.11834911   0.06360594    -0.10721904  -0.06309147
    3    2
 -0.00481260  -0.00000011    -0.00000000  -0.00000000     0.00000000  -0.00000000
 -0.00000000  -0.00000000     0.01429209   0.00000107    -0.00842479   0.00746474
  0.00000000  -0.00000000     0.00842746   0.00746459    -0.02317332   0.00000000
    3    3
  0.20502021  -0.00000000     0.00000000  -0.00000000     0.00000000  -0.00000000
  0.00000000  -0.00000000     0.25082338  -0.00000000    -0.00317863   0.00947126
  0.00000000  -0.00000000    -0.00317863  -0.00947126     0.26711989  -0.00000000

     Dynamical  Matrix in cartesian axes

     q = (    0.378597799  -0.218583541   0.000000000 ) 

    1    1
  0.41302531   0.00000000     0.01904133   0.00000000     0.00000036   0.00000467
  0.01904133   0.00000000     0.43501234   0.00000000    -0.00000021  -0.00000270
  0.00000036  -0.00000467    -0.00000021   0.00000270     0.52820556   0.00000000
    1    2
  0.00572439   0.07090035     0.04911231   0.03343561    -0.11142743  -0.03352344
  0.04911231   0.03343561     0.06243440   0.10950847     0.06433266   0.01935477
 -0.10050615  -0.03686259     0.05802725   0.02128262     0.03120906   0.12044034
    1    3
  0.00572620   0.07090544     0.04911107   0.03343266     0.11142426   0.03352321
  0.04911107   0.03343266     0.06243478   0.10951016    -0.06433083  -0.01935463
  0.10048507   0.03686233    -0.05801508  -0.02128248     0.03120291   0.12042772
    2    1
  0.00572439  -0.07090035     0.04911231  -0.03343561    -0.10050615   0.03686259
  0.04911231  -0.03343561     0.06243440  -0.10950847     0.05802725  -0.02128262
 -0.11142743   0.03352344     0.06433266  -0.01935477     0.03120906  -0.12044034
    2    2
  0.23931405   0.00000000    -0.01983489   0.00000000     0.00274675   0.00820365
 -0.01983489   0.00000000     0.21641069   0.00000000    -0.00158584  -0.00473638
  0.00274675  -0.00820365    -0.00158584   0.00473638     0.26700614   0.00000000
    2    3
  0.00951591   0.00000077    -0.00827257  -0.00000051     0.00729839   0.00646453
 -0.00827257  -0.00000051    -0.00003643   0.00000018    -0.00421373  -0.00373230
 -0.00729608   0.00646466     0.00421239  -0.00373237    -0.02317332   0.00000000
    3    1
  0.00572620  -0.07090544     0.04911107  -0.03343266     0.10048507  -0.03686233
  0.04911107  -0.03343266     0.06243478  -0.10951016    -0.05801508   0.02128248
  0.11142426  -0.03352321    -0.06433083   0.01935463     0.03120291  -0.12042772
    3    2
  0.00951591  -0.00000077    -0.00827257   0.00000051    -0.00729608  -0.00646466
 -0.00827257   0.00000051    -0.00003643  -0.00000018     0.00421239   0.00373237
  0.00729839  -0.00646453    -0.00421373   0.00373230    -0.02317332  -0.00000000
    3    3
  0.23937259   0.00000000    -0.01983335   0.00000000    -0.00275278  -0.00820235
 -0.01983335   0.00000000     0.21647100   0.00000000     0.00158932   0.00473563
 -0.00275278   0.00820235     0.00158932  -0.00473563     0.26711989   0.00000000

     Dynamical  Matrix in cartesian axes

     q = (   -0.378597799   0.218583541  -0.000000000 ) 

    1    1
  0.41302531  -0.00000000     0.01904133  -0.00000000     0.00000036  -0.00000467
  0.01904133  -0.00000000     0.43501234  -0.00000000    -0.00000021   0.00000270
  0.00000036   0.00000467    -0.00000021  -0.00000270     0.52820556  -0.00000000
    1    2
  0.00572439  -0.07090035     0.04911231  -0.03343561    -0.11142743   0.03352344
  0.04911231  -0.03343561     0.06243440  -0.10950847     0.06433266  -0.01935477
 -0.10050615   0.03686259     0.05802725  -0.02128262     0.03120906  -0.12044034
    1    3
  0.00572620  -0.07090544     0.04911107  -0.03343266     0.11142426  -0.03352321
  0.04911107  -0.03343266     0.06243478  -0.10951016    -0.06433083   0.01935463
  0.10048507  -0.03686233    -0.05801508   0.02128248     0.03120291  -0.12042772
    2    1
  0.00572439   0.07090035     0.04911231   0.03343561    -0.10050615  -0.03686259
  0.04911231   0.03343561     0.06243440   0.10950847     0.05802725   0.02128262
 -0.11142743  -0.03352344     0.06433266   0.01935477     0.03120906   0.12044034
    2    2
  0.23931405  -0.00000000    -0.01983489  -0.00000000     0.00274675  -0.00820365
 -0.01983489  -0.00000000     0.21641069  -0.00000000    -0.00158584   0.00473638
  0.00274675   0.00820365    -0.00158584  -0.00473638     0.26700614  -0.00000000
    2    3
  0.00951591  -0.00000077    -0.00827257   0.00000051     0.00729839  -0.00646453
 -0.00827257   0.00000051    -0.00003643  -0.00000018    -0.00421373   0.00373230
 -0.00729608  -0.00646466     0.00421239   0.00373237    -0.02317332  -0.00000000
    3    1
  0.00572620   0.07090544     0.04911107   0.03343266     0.10048507   0.03686233
  0.04911107   0.03343266     0.06243478   0.10951016    -0.05801508  -0.02128248
  0.11142426   0.03352321    -0.06433083  -0.01935463     0.03120291   0.12042772
    3    2
  0.00951591   0.00000077    -0.00827257  -0.00000051    -0.00729608   0.00646466
 -0.00827257  -0.00000051    -0.00003643   0.00000018     0.00421239  -0.00373237
  0.00729839   0.00646453    -0.00421373  -0.00373230    -0.02317332   0.00000000
    3    3
  0.23937259  -0.00000000    -0.01983335  -0.00000000    -0.00275278   0.00820235
 -0.01983335  -0.00000000     0.21647100  -0.00000000     0.00158932  -0.00473563
 -0.00275278  -0.00820235     0.00158932   0.00473563     0.26711989  -0.00000000

     Dynamical  Matrix in cartesian axes

     q = (   -0.378597799  -0.218583542   0.000000000 ) 

    1    1
  0.41302531   0.00000000    -0.01904132   0.00000000    -0.00000036  -0.00000467
 -0.01904132   0.00000000     0.43501234   0.00000000    -0.00000021  -0.00000270
 -0.00000036   0.00000467    -0.00000021   0.00000270     0.52820556   0.00000000
    1    2
 -0.05418187  -0.04608637     0.05837019  -0.01108510    -0.10249575   0.05508644
  0.05837019  -0.01108510    -0.12158197  -0.03328640    -0.05917595   0.03180417
 -0.09713437   0.04500280    -0.05608055   0.02598238    -0.10723232  -0.06309604
    1    3
 -0.05418676  -0.04608868     0.05836723  -0.01108630     0.10249334  -0.05508436
  0.05836723  -0.01108630    -0.12158343  -0.03328732     0.05917456  -0.03180297
  0.09711928  -0.04498806     0.05607184  -0.02597387    -0.10721904  -0.06309147
    2    1
 -0.05418187   0.04608637     0.05837019   0.01108510    -0.09713437  -0.04500280
  0.05837019   0.01108510    -0.12158197   0.03328640    -0.05608055  -0.02598238
 -0.10249575  -0.05508644    -0.05917595  -0.03180417    -0.10723232   0.06309604
    2    2
  0.23931405   0.00000000     0.01983489   0.00000000    -0.00274675  -0.00820365
  0.01983489   0.00000000     0.21641069   0.00000000    -0.00158584  -0.00473638
 -0.00274675   0.00820365    -0.00158584   0.00473638     0.26700614   0.00000000
    2    3
  0.00951591   0.00000077     0.00827257   0.00000051    -0.00729839  -0.00646453
  0.00827257   0.00000051    -0.00003643   0.00000018    -0.00421373  -0.00373230
  0.00729608  -0.00646466     0.00421239  -0.00373237    -0.02317332   0.00000000
    3    1
 -0.05418676   0.04608868     0.05836723   0.01108630     0.09711928   0.04498806
  0.05836723   0.01108630    -0.12158343   0.03328732     0.05607184   0.02597387
  0.10249334   0.05508436     0.05917456   0.03180297    -0.10721904   0.06309147
    3    2
  0.00951591  -0.00000077     0.00827257  -0.00000051     0.00729608   0.00646466
  0.00827257  -0.00000051    -0.00003643  -0.00000018     0.00421239   0.00373237
 -0.00729839   0.00646453    -0.00421373   0.00373230    -0.02317332  -0.00000000
    3    3
  0.23937259   0.00000000     0.01983335   0.00000000     0.00275278   0.00820235
  0.01983335   0.00000000     0.21647100   0.00000000     0.00158932   0.00473563
  0.00275278  -0.00820235     0.00158932  -0.00473563     0.26711989   0.00000000

     Dynamical  Matrix in cartesian axes

     q = (    0.378597799   0.218583542  -0.000000000 ) 

    1    1
  0.41302531  -0.00000000    -0.01904132  -0.00000000    -0.00000036   0.00000467
 -0.01904132  -0.00000000     0.43501234  -0.00000000    -0.00000021   0.00000270
 -0.00000036  -0.00000467    -0.00000021  -0.00000270     0.52820556  -0.00000000
    1    2
 -0.05418187   0.04608637     0.05837019   0.01108510    -0.10249575  -0.05508644
  0.05837019   0.01108510    -0.12158197   0.03328640    -0.05917595  -0.03180417
 -0.09713437  -0.04500280    -0.05608055  -0.02598238    -0.10723232   0.06309604
    1    3
 -0.05418676   0.04608868     0.05836723   0.01108630     0.10249334   0.05508436
  0.05836723   0.01108630    -0.12158343   0.03328732     0.05917456   0.03180297
  0.09711928   0.04498806     0.05607184   0.02597387    -0.10721904   0.06309147
    2    1
 -0.05418187  -0.04608637     0.05837019  -0.01108510    -0.09713437   0.04500280
  0.05837019  -0.01108510    -0.12158197  -0.03328640    -0.05608055   0.02598238
 -0.10249575   0.05508644    -0.05917595   0.03180417    -0.10723232  -0.06309604
    2    2
  0.23931405  -0.00000000     0.01983489  -0.00000000    -0.00274675   0.00820365
  0.01983489  -0.00000000     0.21641069  -0.00000000    -0.00158584   0.00473638
 -0.00274675  -0.00820365    -0.00158584  -0.00473638     0.26700614  -0.00000000
    2    3
  0.00951591  -0.00000077     0.00827257  -0.00000051    -0.00729839   0.00646453
  0.00827257  -0.00000051    -0.00003643  -0.00000018    -0.00421373   0.00373230
  0.00729608   0.00646466     0.00421239   0.00373237    -0.02317332  -0.00000000
    3    1
 -0.05418676  -0.04608868     0.05836723  -0.01108630     0.09711928  -0.04498806
  0.05836723  -0.01108630    -0.12158343  -0.03328732     0.05607184  -0.02597387
  0.10249334  -0.05508436     0.05917456  -0.03180297    -0.10721904  -0.06309147
    3    2
  0.00951591   0.00000077     0.00827257   0.00000051     0.00729608  -0.00646466
  0.00827257   0.00000051    -0.00003643   0.00000018     0.00421239  -0.00373237
 -0.00729839  -0.00646453    -0.00421373  -0.00373230    -0.02317332   0.00000000
    3    3
  0.23937259  -0.00000000     0.01983335  -0.00000000     0.00275278  -0.00820235
  0.01983335  -0.00000000     0.21647100  -0.00000000     0.00158932  -0.00473563
  0.00275278   0.00820235     0.00158932   0.00473563     0.26711989  -0.00000000

     Diagonalizing the dynamical matrix

     q = (    0.000000000   0.437167083   0.000000000 ) 

 **************************************************************************
     freq (    1) =       4.002698 [THz] =     133.515626 [cm-1]
 (  0.460618 -0.345325 -0.000000  0.000000  0.000000  0.000000 ) 
 (  0.396731 -0.420735 -0.000000  0.000000  0.000000 -0.000000 ) 
 (  0.396584 -0.420581 -0.000000  0.000000 -0.000000  0.000000 ) 
     freq (    2) =       4.433823 [THz] =     147.896432 [cm-1]
 ( -0.000000  0.000000 -0.000281  0.000165  0.480280  0.282882 ) 
 (  0.000000  0.000000 -0.239411 -0.346761  0.409072 -0.000023 ) 
 ( -0.000000 -0.000000  0.239383  0.346765  0.408482  0.000000 ) 
     freq (    3) =       5.062384 [THz] =     168.862956 [cm-1]
 (  0.000000 -0.000000  0.635402 -0.351156  0.000299  0.000191 ) 
 (  0.000000 -0.000000 -0.039629 -0.202723 -0.440233  0.000009 ) 
 (  0.000000 -0.000000 -0.039269 -0.202214  0.440509 -0.000000 ) 
     freq (    4) =       8.814535 [THz] =     294.021227 [cm-1]
 ( -0.000060 -0.000129 -0.000000  0.000000 -0.000000 -0.000000 ) 
 (  0.402480  0.581486 -0.000000 -0.000000 -0.000000  0.000000 ) 
 ( -0.402387 -0.581351  0.000000  0.000000 -0.000000  0.000000 ) 
     freq (    5) =       9.824380 [THz] =     327.706031 [cm-1]
 ( -0.000000 -0.000000 -0.000181  0.000157 -0.016195 -0.009017 ) 
 ( -0.000000 -0.000000 -0.291918 -0.420423 -0.488896 -0.000921 ) 
 (  0.000000  0.000000  0.289221  0.419839 -0.488622  0.000000 ) 
     freq (    6) =       9.946340 [THz] =     331.774194 [cm-1]
 (  0.000000 -0.000000 -0.038377 -0.008925 -0.000102 -0.000071 ) 
 ( -0.000000  0.000000  0.013009 -0.666147  0.233340  0.002035 ) 
 ( -0.000000  0.000000  0.014557 -0.667524 -0.232970  0.000000 ) 
     freq (    7) =      10.644573 [THz] =     355.064751 [cm-1]
 (  0.239573 -0.355632 -0.000000  0.000000  0.000000  0.000000 ) 
 ( -0.261197  0.582737 -0.000000  0.000000 -0.000000 -0.000000 ) 
 ( -0.261363  0.583107 -0.000000  0.000000  0.000000  0.000000 ) 
     freq (    8) =      11.273696 [THz] =     376.050020 [cm-1]
 ( -0.000000  0.000000 -0.000610  0.000308  0.383638  0.225225 ) 
 (  0.000000  0.000000  0.242535  0.348445 -0.470782 -0.000067 ) 
 ( -0.000000 -0.000000 -0.242556 -0.349629 -0.468133  0.000000 ) 
     freq (    9) =      11.438975 [THz] =     381.563122 [cm-1]
 (  0.000000 -0.000000  0.266233 -0.134371  0.000670  0.000391 ) 
 ( -0.000000  0.000000 -0.019797  0.204628  0.641891 -0.000008 ) 
 ( -0.000000  0.000000 -0.020483  0.203708 -0.644095  0.000000 ) 
 **************************************************************************
