Dynamical matrix file
default                                                                    
  2    3   0   6.0288231   0.0000000   0.0000000   0.0000000   0.0000000   0.0000000
Basis vectors
      0.990497041    0.000000000    0.000000000
     -0.495248521    0.857795600    0.000000000
      0.000000000    0.000000000    6.000000000
           1  'Mo  '    87453.075126275595     
           2  'S   '    29225.459655279068     
    1    1     -0.0000000003      0.5718637328      1.0800008886
    2    2      0.4952485198      0.2859318664      1.5786839298
    3    2      0.4952485198      0.2859318664      0.5813151816

     Dynamical  Matrix in cartesian axes

     q = (    0.126199266   0.510028263   0.000000000 ) 

    1    1
  0.44730601   0.00000000    -0.02030658   0.06590343     0.00000390  -0.00000126
 -0.02030658  -0.06590343     0.39252960   0.00000000    -0.00000781  -0.00000213
  0.00000390   0.00000126    -0.00000781   0.00000213     0.52246037   0.00000000
    1    2
 -0.13226859   0.04035940     0.01628985   0.02614934    -0.00938972  -0.04012394
  0.01806631   0.03696716     0.00369592  -0.03616377     0.10420281  -0.08069136
 -0.01627479  -0.04181502     0.10297147  -0.07256279    -0.08216411  -0.00217104
    1    3
 -0.13227305   0.04036099     0.01628958   0.02615224     0.00938709   0.04012000
  0.01806373   0.03696747     0.00369651  -0.03616834    -0.10419901   0.08068684
  0.01627429   0.04181559    -0.10297631   0.07256181    -0.08215939  -0.00217412
    2    1
 -0.13226859  -0.04035940     0.01806631  -0.03696716    -0.01627479   0.04181502
  0.01628985  -0.02614934     0.00369592   0.03616377     0.10297147   0.07256279
 -0.00938972   0.04012394     0.10420281   0.08069136    -0.08216411   0.00217104
    2    2
  0.21318904   0.00000000     0.00301335  -0.00047612     0.00090387   0.00198322
  0.00301335   0.00047612     0.25123085   0.00000000     0.00205265   0.00517058
  0.00090387  -0.00198322     0.00205265  -0.00517058     0.26116795   0.00000000
    2    3
 -0.00593187   0.00000140     0.00110765   0.00739606    -0.00153516   0.00284207
  0.00111215  -0.00740231     0.00517415  -0.00000363     0.00732221   0.00267703
  0.00153594   0.00283322    -0.00732507   0.00268491    -0.02227369  -0.00000024
    3    1
 -0.13227305  -0.04036099     0.01806373  -0.03696747     0.01627429  -0.04181559
  0.01628958  -0.02615224     0.00369651   0.03616834    -0.10297631  -0.07256181
  0.00938709  -0.04012000    -0.10419901  -0.08068684    -0.08215939   0.00217412
    3    2
 -0.00593187  -0.00000140     0.00111215   0.00740231     0.00153594  -0.00283322
  0.00110765  -0.00739606     0.00517415   0.00000363    -0.00732507  -0.00268491
 -0.00153516  -0.00284207     0.00732221  -0.00267703    -0.02227369   0.00000024
    3    3
  0.21321262   0.00000000     0.00302801  -0.00046155    -0.00090785  -0.00198319
  0.00302801   0.00046155     0.25127086   0.00000000    -0.00206424  -0.00517186
 -0.00090785   0.00198319    -0.00206424   0.00517186     0.26125356   0.00000000

     Dynamical  Matrix in cartesian axes

     q = (   -0.126199266  -0.510028263  -0.000000000 ) 

    1    1
  0.44730601  -0.00000000    -0.02030658  -0.06590343     0.00000390   0.00000126
 -0.02030658   0.06590343     0.39252960  -0.00000000    -0.00000781   0.00000213
  0.00000390  -0.00000126    -0.00000781  -0.00000213     0.52246037  -0.00000000
    1    2
 -0.13226859  -0.04035940     0.01628985  -0.02614934    -0.00938972   0.04012394
  0.01806631  -0.03696716     0.00369592   0.03616377     0.10420281   0.08069136
 -0.01627479   0.04181502     0.10297147   0.07256279    -0.08216411   0.00217104
    1    3
 -0.13227305  -0.04036099     0.01628958  -0.02615224     0.00938709  -0.04012000
  0.01806373  -0.03696747     0.00369651   0.03616834    -0.10419901  -0.08068684
  0.01627429  -0.04181559    -0.10297631  -0.07256181    -0.08215939   0.00217412
    2    1
 -0.13226859   0.04035940     0.01806631   0.03696716    -0.01627479  -0.04181502
  0.01628985   0.02614934     0.00369592  -0.03616377     0.10297147  -0.07256279
 -0.00938972  -0.04012394     0.10420281  -0.08069136    -0.08216411  -0.00217104
    2    2
  0.21318904  -0.00000000     0.00301335   0.00047612     0.00090387  -0.00198322
  0.00301335  -0.00047612     0.25123085  -0.00000000     0.00205265  -0.00517058
  0.00090387   0.00198322     0.00205265   0.00517058     0.26116795  -0.00000000
    2    3
 -0.00593187  -0.00000140     0.00110765  -0.00739606    -0.00153516  -0.00284207
  0.00111215   0.00740231     0.00517415   0.00000363     0.00732221  -0.00267703
  0.00153594  -0.00283322    -0.00732507  -0.00268491    -0.02227369   0.00000024
    3    1
 -0.13227305   0.04036099     0.01806373   0.03696747     0.01627429   0.04181559
  0.01628958   0.02615224     0.00369651  -0.03616834    -0.10297631   0.07256181
  0.00938709   0.04012000    -0.10419901   0.08068684    -0.08215939  -0.00217412
    3    2
 -0.00593187   0.00000140     0.00111215  -0.00740231     0.00153594   0.00283322
  0.00110765   0.00739606     0.00517415  -0.00000363    -0.00732507   0.00268491
 -0.00153516   0.00284207     0.00732221   0.00267703    -0.02227369  -0.00000024
    3    3
  0.21321262  -0.00000000     0.00302801   0.00046155    -0.00090785   0.00198319
  0.00302801  -0.00046155     0.25127086  -0.00000000    -0.00206424   0.00517186
 -0.00090785  -0.00198319    -0.00206424  -0.00517186     0.26125356  -0.00000000

     Dynamical  Matrix in cartesian axes

     q = (   -0.126199266   0.510028263   0.000000000 ) 

    1    1
  0.44730601   0.00000000     0.02030658  -0.06590343    -0.00000390   0.00000126
  0.02030658   0.06590343     0.39252960   0.00000000    -0.00000781  -0.00000213
 -0.00000390  -0.00000126    -0.00000781   0.00000213     0.52246037   0.00000000
    1    2
 -0.12206642  -0.06498961     0.00697171  -0.03000904    -0.02173238   0.03501145
  0.01336492  -0.03891454     0.02818506  -0.02295824     0.13073992   0.01662510
 -0.01805967   0.04107570     0.12412146   0.02150218    -0.05656364  -0.05963395
    1    3
 -0.12207070  -0.06499164     0.00697395  -0.03001090     0.02173145  -0.03500680
  0.01336696  -0.03891294     0.02818871  -0.02296105    -0.13073404  -0.01662562
  0.01806043  -0.04107574    -0.12412419  -0.02150629    -0.05655813  -0.05963279
    2    1
 -0.12206642   0.06498961     0.01336492   0.03891454    -0.01805967  -0.04107570
  0.00697171   0.03000904     0.02818506   0.02295824     0.12412146  -0.02150218
 -0.02173238  -0.03501145     0.13073992  -0.01662510    -0.05656364   0.05963395
    2    2
  0.21318904   0.00000000    -0.00301335   0.00047612    -0.00090387  -0.00198322
 -0.00301335  -0.00047612     0.25123085   0.00000000     0.00205265   0.00517058
 -0.00090387   0.00198322     0.00205265  -0.00517058     0.26116795   0.00000000
    2    3
 -0.00593187   0.00000140    -0.00110765  -0.00739606     0.00153516  -0.00284207
 -0.00111215   0.00740231     0.00517415  -0.00000363     0.00732221   0.00267703
 -0.00153594  -0.00283322    -0.00732507   0.00268491    -0.02227369  -0.00000024
    3    1
 -0.12207070   0.06499164     0.01336696   0.03891294     0.01806043   0.04107574
  0.00697395   0.03001090     0.02818871   0.02296105    -0.12412419   0.02150629
  0.02173145   0.03500680    -0.13073404   0.01662562    -0.05655813   0.05963279
    3    2
 -0.00593187  -0.00000140    -0.00111215  -0.00740231    -0.00153594   0.00283322
 -0.00110765   0.00739606     0.00517415   0.00000363    -0.00732507  -0.00268491
  0.00153516   0.00284207     0.00732221  -0.00267703    -0.02227369   0.00000024
    3    3
  0.21321262   0.00000000    -0.00302801   0.00046155     0.00090785   0.00198319
 -0.00302801  -0.00046155     0.25127086   0.00000000    -0.00206424  -0.00517186
  0.00090785  -0.00198319    -0.00206424   0.00517186     0.26125356   0.00000000

     Dynamical  Matrix in cartesian axes

     q = (    0.126199266  -0.510028263  -0.000000000 ) 

    1    1
  0.44730601  -0.00000000     0.02030658   0.06590343    -0.00000390  -0.00000126
  0.02030658  -0.06590343     0.39252960  -0.00000000    -0.00000781   0.00000213
 -0.00000390   0.00000126    -0.00000781  -0.00000213     0.52246037  -0.00000000
    1    2
 -0.12206642   0.06498961     0.00697171   0.03000904    -0.02173238  -0.03501145
  0.01336492   0.03891454     0.02818506   0.02295824     0.13073992  -0.01662510
 -0.01805967  -0.04107570     0.12412146  -0.02150218    -0.05656364   0.05963395
    1    3
 -0.12207070   0.06499164     0.00697395   0.03001090     0.02173145   0.03500680
  0.01336696   0.03891294     0.02818871   0.02296105    -0.13073404   0.01662562
  0.01806043   0.04107574    -0.12412419   0.02150629    -0.05655813   0.05963279
    2    1
 -0.12206642  -0.06498961     0.01336492  -0.03891454    -0.01805967   0.04107570
  0.00697171  -0.03000904     0.02818506  -0.02295824     0.12412146   0.02150218
 -0.02173238   0.03501145     0.13073992   0.01662510    -0.05656364  -0.05963395
    2    2
  0.21318904  -0.00000000    -0.00301335  -0.00047612    -0.00090387   0.00198322
 -0.00301335   0.00047612     0.25123085  -0.00000000     0.00205265  -0.00517058
 -0.00090387  -0.00198322     0.00205265   0.00517058     0.26116795  -0.00000000
    2    3
 -0.00593187  -0.00000140    -0.00110765   0.00739606     0.00153516   0.00284207
 -0.00111215  -0.00740231     0.00517415   0.00000363     0.00732221  -0.00267703
 -0.00153594   0.00283322    -0.00732507  -0.00268491    -0.02227369   0.00000024
    3    1
 -0.12207070  -0.06499164     0.01336696  -0.03891294     0.01806043  -0.04107574
  0.00697395  -0.03001090     0.02818871  -0.02296105    -0.12412419  -0.02150629
  0.02173145  -0.03500680    -0.13073404  -0.01662562    -0.05655813  -0.05963279
    3    2
 -0.00593187   0.00000140    -0.00111215   0.00740231    -0.00153594  -0.00283322
 -0.00110765  -0.00739606     0.00517415  -0.00000363    -0.00732507   0.00268491
  0.00153516  -0.00284207     0.00732221   0.00267703    -0.02227369  -0.00000024
    3    3
  0.21321262  -0.00000000    -0.00302801  -0.00046155     0.00090785  -0.00198319
 -0.00302801   0.00046155     0.25127086  -0.00000000    -0.00206424   0.00517186
  0.00090785   0.00198319    -0.00206424  -0.00517186     0.26125356  -0.00000000

     Dynamical  Matrix in cartesian axes

     q = (    0.378597799  -0.364305902   0.000000000 ) 

    1    1
  0.42380972   0.00000000     0.03387217   0.06590343    -0.00000871  -0.00000121
  0.03387217  -0.06590343     0.41602589   0.00000000     0.00000052   0.00000215
 -0.00000871   0.00000121     0.00000052  -0.00000215     0.52246037   0.00000000
    1    2
  0.00057179   0.06331087     0.05678004   0.03988376    -0.10235790  -0.03190348
  0.06317324   0.03097826     0.09330957   0.02463698     0.08419075  -0.02200825
 -0.09846250  -0.03915929     0.07770087  -0.02482151     0.05656364   0.05963395
    1    3
  0.00056827   0.06331359     0.05678250   0.03988176     0.10235327   0.03190161
  0.06317551   0.03097972     0.09331372   0.02463909    -0.08418700   0.02200397
  0.09846449   0.03916287    -0.07770289   0.02481949     0.05655813   0.05963279
    2    1
  0.00057179  -0.06331087     0.06317324  -0.03097826    -0.09846250   0.03915929
  0.05678004  -0.03988376     0.09330957  -0.02463698     0.07770087   0.02482151
 -0.10235790   0.03190348     0.08419075   0.02200825     0.05656364  -0.05963395
    2    2
  0.23911075   0.00000000    -0.01797926  -0.00047612     0.00132572   0.00348624
 -0.01797926   0.00047612     0.22530913   0.00000000    -0.00180910  -0.00430281
  0.00132572  -0.00348624    -0.00180910   0.00430281     0.26116795   0.00000000
    2    3
  0.00143644   0.00000034    -0.00536625   0.00740293     0.00710880   0.00089734
 -0.00536175  -0.00739544    -0.00219416  -0.00000256    -0.00233161  -0.00379982
 -0.00711167   0.00090859     0.00233237  -0.00379609    -0.02227369  -0.00000024
    3    1
  0.00056827  -0.06331359     0.06317551  -0.03097972     0.09846449  -0.03916287
  0.05678250  -0.03988176     0.09331372  -0.02463909    -0.07770289  -0.02481949
  0.10235327  -0.03190161    -0.08418700  -0.02200397     0.05655813  -0.05963279
    3    2
  0.00143644  -0.00000034    -0.00536175   0.00739544    -0.00711167  -0.00090859
 -0.00536625  -0.00740293    -0.00219416   0.00000256     0.00233237   0.00379609
  0.00710880  -0.00089734    -0.00233161   0.00379982    -0.02227369   0.00000024
    3    3
  0.23913397   0.00000000    -0.01799371  -0.00046155    -0.00133376  -0.00348737
 -0.01799371   0.00046155     0.22534951   0.00000000     0.00181834   0.00430342
 -0.00133376   0.00348737     0.00181834  -0.00430342     0.26125356   0.00000000

     Dynamical  Matrix in cartesian axes

     q = (   -0.378597799   0.364305902  -0.000000000 ) 

    1    1
  0.42380972  -0.00000000     0.03387217  -0.06590343    -0.00000871   0.00000121
  0.03387217   0.06590343     0.41602589  -0.00000000     0.00000052  -0.00000215
 -0.00000871  -0.00000121     0.00000052   0.00000215     0.52246037  -0.00000000
    1    2
  0.00057179  -0.06331087     0.05678004  -0.03988376    -0.10235790   0.03190348
  0.06317324  -0.03097826     0.09330957  -0.02463698     0.08419075   0.02200825
 -0.09846250   0.03915929     0.07770087   0.02482151     0.05656364  -0.05963395
    1    3
  0.00056827  -0.06331359     0.05678250  -0.03988176     0.10235327  -0.03190161
  0.06317551  -0.03097972     0.09331372  -0.02463909    -0.08418700  -0.02200397
  0.09846449  -0.03916287    -0.07770289  -0.02481949     0.05655813  -0.05963279
    2    1
  0.00057179   0.06331087     0.06317324   0.03097826    -0.09846250  -0.03915929
  0.05678004   0.03988376     0.09330957   0.02463698     0.07770087  -0.02482151
 -0.10235790  -0.03190348     0.08419075  -0.02200825     0.05656364   0.05963395
    2    2
  0.23911075  -0.00000000    -0.01797926   0.00047612     0.00132572  -0.00348624
 -0.01797926  -0.00047612     0.22530913  -0.00000000    -0.00180910   0.00430281
  0.00132572   0.00348624    -0.00180910  -0.00430281     0.26116795  -0.00000000
    2    3
  0.00143644  -0.00000034    -0.00536625  -0.00740293     0.00710880  -0.00089734
 -0.00536175   0.00739544    -0.00219416   0.00000256    -0.00233161   0.00379982
 -0.00711167  -0.00090859     0.00233237   0.00379609    -0.02227369   0.00000024
    3    1
  0.00056827   0.06331359     0.06317551   0.03097972     0.09846449   0.03916287
  0.05678250   0.03988176     0.09331372   0.02463909    -0.07770289   0.02481949
  0.10235327   0.03190161    -0.08418700   0.02200397     0.05655813   0.05963279
    3    2
  0.00143644   0.00000034    -0.00536175  -0.00739544    -0.00711167   0.00090859
 -0.00536625   0.00740293    -0.00219416  -0.00000256     0.00233237  -0.00379609
  0.00710880   0.00089734    -0.00233161  -0.00379982    -0.02227369  -0.00000024
    3    3
  0.23913397  -0.00000000    -0.01799371   0.00046155    -0.00133376   0.00348737
 -0.01799371  -0.00046155     0.22534951  -0.00000000     0.00181834  -0.00430342
 -0.00133376  -0.00348737     0.00181834   0.00430342     0.26125356  -0.00000000

     Dynamical  Matrix in cartesian axes

     q = (   -0.504797066  -0.145722361   0.000000000 ) 

    1    1
  0.38863769   0.00000000    -0.01356559   0.06590343     0.00000481   0.00000247
 -0.01356559  -0.06590343     0.45119792   0.00000000     0.00000728  -0.00000002
  0.00000481  -0.00000247     0.00000728   0.00000002     0.52246037   0.00000000
    1    2
 -0.01818383  -0.00362130     0.07334156  -0.00348353    -0.12409028   0.00310796
  0.06694835   0.00542197    -0.07569753  -0.08432655    -0.04654917  -0.03863335
 -0.11652217   0.00191641    -0.04642060  -0.04632369    -0.05656364  -0.05963395
    1    3
 -0.01818402  -0.00362380     0.07334596  -0.00348220     0.12408472  -0.00310519
  0.06695295   0.00541984    -0.07569798  -0.08432889     0.04654703   0.03862958
  0.11652492  -0.00191288     0.04642131   0.04632578    -0.05655813  -0.05963279
    2    1
 -0.01818383   0.00362130     0.06694835  -0.00542197    -0.11652217  -0.00191641
  0.07334156   0.00348353    -0.07569753   0.08432655    -0.04642060   0.04632369
 -0.12409028  -0.00310796    -0.04654917   0.03863335    -0.05656364   0.05963395
    2    2
  0.24433003   0.00000000     0.01496591  -0.00047612    -0.00222958  -0.00546946
  0.01496591   0.00047612     0.22008985  -0.00000000    -0.00024355  -0.00086777
 -0.00222958   0.00546946    -0.00024355   0.00086777     0.26116795   0.00000000
    2    3
  0.00335885  -0.00000508     0.00425185   0.00739857    -0.00557364  -0.00373941
  0.00425635  -0.00739980    -0.00411657   0.00000285    -0.00499060   0.00112279
  0.00557573  -0.00374181     0.00499270   0.00111119    -0.02227369  -0.00000024
    3    1
 -0.01818402   0.00362380     0.06695295  -0.00541984     0.11652492   0.00191288
  0.07334596   0.00348220    -0.07569798   0.08432889     0.04642131  -0.04632578
  0.12408472   0.00310519     0.04654703  -0.03862958    -0.05655813   0.05963279
    3    2
  0.00335885   0.00000508     0.00425635   0.00739980     0.00557573   0.00374181
  0.00425185  -0.00739857    -0.00411657  -0.00000285     0.00499270  -0.00111119
 -0.00557364   0.00373941    -0.00499060  -0.00112279    -0.02227369   0.00000024
    3    3
  0.24437863   0.00000000     0.01496570  -0.00046155     0.00224161   0.00547056
  0.01496570   0.00046155     0.22010485   0.00000000     0.00024590   0.00086844
  0.00224161  -0.00547056     0.00024590  -0.00086844     0.26125356   0.00000000

     Dynamical  Matrix in cartesian axes

     q = (    0.504797066   0.145722361  -0.000000000 ) 

    1    1
  0.38863769  -0.00000000    -0.01356559  -0.06590343     0.00000481  -0.00000247
 -0.01356559   0.06590343     0.45119792  -0.00000000     0.00000728   0.00000002
  0.00000481   0.00000247     0.00000728  -0.00000002     0.52246037  -0.00000000
    1    2
 -0.01818383   0.00362130     0.07334156   0.00348353    -0.12409028  -0.00310796
  0.06694835  -0.00542197    -0.07569753   0.08432655    -0.04654917   0.03863335
 -0.11652217  -0.00191641    -0.04642060   0.04632369    -0.05656364   0.05963395
    1    3
 -0.01818402   0.00362380     0.07334596   0.00348220     0.12408472   0.00310519
  0.06695295  -0.00541984    -0.07569798   0.08432889     0.04654703  -0.03862958
  0.11652492   0.00191288     0.04642131  -0.04632578    -0.05655813   0.05963279
    2    1
 -0.01818383  -0.00362130     0.06694835   0.00542197    -0.11652217   0.00191641
  0.07334156  -0.00348353    -0.07569753  -0.08432655    -0.04642060  -0.04632369
 -0.12409028   0.00310796    -0.04654917  -0.03863335    -0.05656364  -0.05963395
    2    2
  0.24433003  -0.00000000     0.01496591   0.00047612    -0.00222958   0.00546946
  0.01496591  -0.00047612     0.22008985   0.00000000    -0.00024355   0.00086777
 -0.00222958  -0.00546946    -0.00024355  -0.00086777     0.26116795  -0.00000000
    2    3
  0.00335885   0.00000508     0.00425185  -0.00739857    -0.00557364   0.00373941
  0.00425635   0.00739980    -0.00411657  -0.00000285    -0.00499060  -0.00112279
  0.00557573   0.00374181     0.00499270  -0.00111119    -0.02227369   0.00000024
    3    1
 -0.01818402  -0.00362380     0.06695295   0.00541984     0.11652492  -0.00191288
  0.07334596  -0.00348220    -0.07569798  -0.08432889     0.04642131   0.04632578
  0.12408472  -0.00310519     0.04654703   0.03862958    -0.05655813  -0.05963279
    3    2
  0.00335885  -0.00000508     0.00425635  -0.00739980     0.00557573  -0.00374181
  0.00425185   0.00739857    -0.00411657   0.00000285     0.00499270   0.00111119
 -0.00557364  -0.00373941    -0.00499060   0.00112279    -0.02227369  -0.00000024
    3    3
  0.24437863  -0.00000000     0.01496570   0.00046155     0.00224161  -0.00547056
  0.01496570  -0.00046155     0.22010485  -0.00000000     0.00024590  -0.00086844
  0.00224161   0.00547056     0.00024590   0.00086844     0.26125356  -0.00000000

     Dynamical  Matrix in cartesian axes

     q = (    0.504797066  -0.145722361   0.000000000 ) 

    1    1
  0.38863769   0.00000000     0.01356559  -0.06590343    -0.00000481  -0.00000247
  0.01356559   0.06590343     0.45119792   0.00000000     0.00000728  -0.00000002
 -0.00000481   0.00000247     0.00000728   0.00000002     0.52246037   0.00000000
    1    2
  0.01818383   0.00362130     0.07334156  -0.00348353    -0.12409028   0.00310796
  0.06694835   0.00542197     0.07569753   0.08432655     0.04654917   0.03863335
 -0.11652217   0.00191641     0.04642060   0.04632369     0.05656364   0.05963395
    1    3
  0.01818402   0.00362380     0.07334596  -0.00348220     0.12408472  -0.00310519
  0.06695295   0.00541984     0.07569798   0.08432889    -0.04654703  -0.03862958
  0.11652492  -0.00191287    -0.04642131  -0.04632578     0.05655813   0.05963279
    2    1
  0.01818383  -0.00362130     0.06694835  -0.00542197    -0.11652217  -0.00191641
  0.07334156   0.00348353     0.07569753  -0.08432655     0.04642060  -0.04632369
 -0.12409028  -0.00310796     0.04654917  -0.03863335     0.05656364  -0.05963395
    2    2
  0.24433003   0.00000000    -0.01496591   0.00047612     0.00222958   0.00546946
 -0.01496591  -0.00047612     0.22008985   0.00000000    -0.00024355  -0.00086777
  0.00222958  -0.00546946    -0.00024355   0.00086777     0.26116795   0.00000000
    2    3
  0.00335885  -0.00000508    -0.00425185  -0.00739857     0.00557364   0.00373941
 -0.00425635   0.00739980    -0.00411657   0.00000285    -0.00499060   0.00112279
 -0.00557573   0.00374181     0.00499270   0.00111119    -0.02227369  -0.00000024
    3    1
  0.01818402  -0.00362380     0.06695295  -0.00541984     0.11652492   0.00191287
  0.07334596   0.00348220     0.07569798  -0.08432889    -0.04642131   0.04632578
  0.12408472   0.00310519    -0.04654703   0.03862958     0.05655813  -0.05963279
    3    2
  0.00335885   0.00000508    -0.00425635  -0.00739980    -0.00557573  -0.00374181
 -0.00425185   0.00739857    -0.00411657  -0.00000285     0.00499270  -0.00111119
  0.00557364  -0.00373941    -0.00499060  -0.00112279    -0.02227369   0.00000024
    3    3
  0.24437863   0.00000000    -0.01496570   0.00046155    -0.00224161  -0.00547056
 -0.01496570  -0.00046155     0.22010485   0.00000000     0.00024590   0.00086844
 -0.00224161   0.00547056     0.00024590  -0.00086844     0.26125356   0.00000000

     Dynamical  Matrix in cartesian axes

     q = (   -0.504797066   0.145722361  -0.000000000 ) 

    1    1
  0.38863769  -0.00000000     0.01356559   0.06590343    -0.00000481   0.00000247
  0.01356559  -0.06590343     0.45119792  -0.00000000     0.00000728   0.00000002
 -0.00000481  -0.00000247     0.00000728  -0.00000002     0.52246037  -0.00000000
    1    2
  0.01818383  -0.00362130     0.07334156   0.00348353    -0.12409028  -0.00310796
  0.06694835  -0.00542197     0.07569753  -0.08432655     0.04654917  -0.03863335
 -0.11652217  -0.00191641     0.04642060  -0.04632369     0.05656364  -0.05963395
    1    3
  0.01818402  -0.00362380     0.07334596   0.00348220     0.12408472   0.00310519
  0.06695295  -0.00541984     0.07569798  -0.08432889    -0.04654703   0.03862958
  0.11652492   0.00191287    -0.04642131   0.04632578     0.05655813  -0.05963279
    2    1
  0.01818383   0.00362130     0.06694835   0.00542197    -0.11652217   0.00191641
  0.07334156  -0.00348353     0.07569753   0.08432655     0.04642060   0.04632369
 -0.12409028   0.00310796     0.04654917   0.03863335     0.05656364   0.05963395
    2    2
  0.24433003  -0.00000000    -0.01496591  -0.00047612     0.00222958  -0.00546946
 -0.01496591   0.00047612     0.22008985  -0.00000000    -0.00024355   0.00086777
  0.00222958   0.00546946    -0.00024355  -0.00086777     0.26116795  -0.00000000
    2    3
  0.00335885   0.00000508    -0.00425185   0.00739857     0.00557364  -0.00373941
 -0.00425635  -0.00739980    -0.00411657  -0.00000285    -0.00499060  -0.00112279
 -0.00557573  -0.00374181     0.00499270  -0.00111119    -0.02227369   0.00000024
    3    1
  0.01818402   0.00362380     0.06695295   0.00541984     0.11652492  -0.00191287
  0.07334596  -0.00348220     0.07569798   0.08432889    -0.04642131  -0.04632578
  0.12408472  -0.00310519    -0.04654703  -0.03862958     0.05655813   0.05963279
    3    2
  0.00335885  -0.00000508    -0.00425635   0.00739980    -0.00557573   0.00374181
 -0.00425185  -0.00739857    -0.00411657   0.00000285     0.00499270   0.00111119
  0.00557364   0.00373941    -0.00499060   0.00112279    -0.02227369  -0.00000024
    3    3
  0.24437863  -0.00000000    -0.01496570  -0.00046155    -0.00224161   0.00547056
 -0.01496570   0.00046155     0.22010485  -0.00000000     0.00024590  -0.00086844
 -0.00224161  -0.00547056     0.00024590   0.00086844     0.26125356  -0.00000000

     Dynamical  Matrix in cartesian axes

     q = (   -0.378597799  -0.364305902   0.000000000 ) 

    1    1
  0.42380972   0.00000000    -0.03387217  -0.06590343     0.00000871   0.00000121
 -0.03387217   0.06590343     0.41602589   0.00000000     0.00000052   0.00000215
  0.00000871  -0.00000121     0.00000052  -0.00000215     0.52246037   0.00000000
    1    2
 -0.04517186  -0.04436323     0.06835163  -0.01194747    -0.09493714   0.04981880
  0.06657517  -0.02276529    -0.08340081   0.04855885    -0.04396967   0.07509403
 -0.09731330   0.04193371    -0.03739135   0.07249427    -0.08216411  -0.00217104
    1    3
 -0.04517130  -0.04436764     0.06835195  -0.01195063     0.09493254  -0.04981685
  0.06657780  -0.02276586    -0.08340523   0.04856029     0.04397005  -0.07508835
  0.09731724  -0.04193258     0.03739421  -0.07249427    -0.08215939  -0.00217412
    2    1
 -0.04517186   0.04436323     0.06657517   0.02276529    -0.09731330  -0.04193371
  0.06835163   0.01194747    -0.08340081  -0.04855885    -0.03739135  -0.07249427
 -0.09493714  -0.04981880    -0.04396967  -0.07509403    -0.08216411   0.00217104
    2    2
  0.23911075   0.00000000     0.01797926   0.00047612    -0.00132572  -0.00348624
  0.01797926  -0.00047612     0.22530913   0.00000000    -0.00180910  -0.00430281
 -0.00132572   0.00348624    -0.00180910   0.00430281     0.26116795   0.00000000
    2    3
  0.00143644   0.00000034     0.00536625  -0.00740293    -0.00710880  -0.00089734
  0.00536175   0.00739544    -0.00219416  -0.00000256    -0.00233161  -0.00379982
  0.00711167  -0.00090859     0.00233237  -0.00379609    -0.02227369  -0.00000024
    3    1
 -0.04517130   0.04436764     0.06657780   0.02276586     0.09731724   0.04193258
  0.06835195   0.01195063    -0.08340523  -0.04856029     0.03739421   0.07249427
  0.09493254   0.04981685     0.04397005   0.07508835    -0.08215939   0.00217412
    3    2
  0.00143644  -0.00000034     0.00536175  -0.00739544     0.00711167   0.00090859
  0.00536625   0.00740293    -0.00219416   0.00000256     0.00233237   0.00379609
 -0.00710880   0.00089734    -0.00233161   0.00379982    -0.02227369   0.00000024
    3    3
  0.23913397   0.00000000     0.01799371   0.00046155     0.00133376   0.00348737
  0.01799371  -0.00046155     0.22534951   0.00000000     0.00181834   0.00430342
  0.00133376  -0.00348737     0.00181834  -0.00430342     0.26125356   0.00000000

     Dynamical  Matrix in cartesian axes

     q = (    0.378597799   0.364305902  -0.000000000 ) 

    1    1
  0.42380972  -0.00000000    -0.03387217   0.06590343     0.00000871  -0.00000121
 -0.03387217  -0.06590343     0.41602589  -0.00000000     0.00000052  -0.00000215
  0.00000871   0.00000121     0.00000052   0.00000215     0.52246037  -0.00000000
    1    2
 -0.04517186   0.04436323     0.06835163   0.01194747    -0.09493714  -0.04981880
  0.06657517   0.02276529    -0.08340081  -0.04855885    -0.04396967  -0.07509403
 -0.09731330  -0.04193371    -0.03739135  -0.07249427    -0.08216411   0.00217104
    1    3
 -0.04517130   0.04436764     0.06835195   0.01195063     0.09493254   0.04981685
  0.06657780   0.02276586    -0.08340523  -0.04856029     0.04397005   0.07508835
  0.09731724   0.04193258     0.03739421   0.07249427    -0.08215939   0.00217412
    2    1
 -0.04517186  -0.04436323     0.06657517  -0.02276529    -0.09731330   0.04193371
  0.06835163  -0.01194747    -0.08340081   0.04855885    -0.03739135   0.07249427
 -0.09493714   0.04981880    -0.04396967   0.07509403    -0.08216411  -0.00217104
    2    2
  0.23911075  -0.00000000     0.01797926  -0.00047612    -0.00132572   0.00348624
  0.01797926   0.00047612     0.22530913  -0.00000000    -0.00180910   0.00430281
 -0.00132572  -0.00348624    -0.00180910  -0.00430281     0.26116795  -0.00000000
    2    3
  0.00143644  -0.00000034     0.00536625   0.00740293    -0.00710880   0.00089734
  0.00536175  -0.00739544    -0.00219416   0.00000256    -0.00233161   0.00379982
  0.00711167   0.00090859     0.00233237   0.00379609    -0.02227369   0.00000024
    3    1
 -0.04517130  -0.04436764     0.06657780  -0.02276586     0.09731724  -0.04193258
  0.06835195  -0.01195063    -0.08340523   0.04856029     0.03739421  -0.07249427
  0.09493254  -0.04981685     0.04397005  -0.07508835    -0.08215939  -0.00217412
    3    2
  0.00143644   0.00000034     0.00536175   0.00739544     0.00711167  -0.00090859
  0.00536625  -0.00740293    -0.00219416  -0.00000256     0.00233237  -0.00379609
 -0.00710880  -0.00089734    -0.00233161  -0.00379982    -0.02227369  -0.00000024
    3    3
  0.23913397  -0.00000000     0.01799371  -0.00046155     0.00133376  -0.00348737
  0.01799371   0.00046155     0.22534951  -0.00000000     0.00181834  -0.00430342
  0.00133376   0.00348737     0.00181834   0.00430342     0.26125356  -0.00000000

     Diagonalizing the dynamical matrix

     q = (    0.126199266   0.510028263   0.000000000 ) 

 **************************************************************************
     freq (    1) =       4.348802 [THz] =     145.060431 [cm-1]
 (  0.020214  0.566508 -0.263040  0.237292  0.000092  0.000026 ) 
 ( -0.159678  0.398675 -0.029764 -0.017426  0.301693  0.000032 ) 
 ( -0.159717  0.398674 -0.029695 -0.017324 -0.301469  0.000000 ) 
     freq (    2) =       5.015596 [THz] =     167.302263 [cm-1]
 (  0.059815 -0.256250 -0.471895  0.335899  0.002634  0.001149 ) 
 (  0.100819 -0.403359  0.124152  0.120981  0.309230  0.001175 ) 
 (  0.099321 -0.401972  0.126440  0.124723 -0.306120  0.000000 ) 
     freq (    3) =       5.068110 [THz] =     169.053940 [cm-1]
 (  0.000155  0.001121  0.001488 -0.002303  0.574594  0.016573 ) 
 (  0.086939 -0.182230 -0.354666 -0.261867  0.314526  0.001062 ) 
 ( -0.086383  0.185847  0.353112  0.261179  0.317172  0.000000 ) 
     freq (    4) =       9.109227 [THz] =     303.851102 [cm-1]
 ( -0.000031  0.000046 -0.000038  0.000016 -0.044118 -0.013853 ) 
 (  0.495507 -0.460977  0.019159  0.128375 -0.155381 -0.000029 ) 
 ( -0.495329  0.460864 -0.019193 -0.128822 -0.155349  0.000000 ) 
     freq (    5) =       9.667768 [THz] =     322.482021 [cm-1]
 ( -0.000095 -0.000113  0.000150 -0.000126 -0.044582 -0.006098 ) 
 (  0.090625 -0.018809  0.282210  0.237235  0.596417  0.000562 ) 
 ( -0.090140  0.019906 -0.278617 -0.237073  0.596170  0.000000 ) 
     freq (    6) =       9.767678 [THz] =     325.814669 [cm-1]
 (  0.032599 -0.034103  0.016951  0.005967  0.000068  0.000199 ) 
 ( -0.187228  0.124317  0.120658  0.649012 -0.107488 -0.003235 ) 
 ( -0.187316  0.125114  0.119696  0.650506  0.106668  0.000000 ) 
     freq (    7) =      10.679937 [THz] =     356.244368 [cm-1]
 (  0.091138  0.398347  0.095856 -0.050699  0.000011 -0.000019 ) 
 (  0.038259 -0.584769  0.210415  0.085169 -0.124896  0.000069 ) 
 (  0.038260 -0.584907  0.210419  0.085187  0.124882  0.000000 ) 
     freq (    8) =      11.103867 [THz] =     370.385147 [cm-1]
 ( -0.000029 -0.000020  0.000174 -0.000238 -0.420499 -0.006782 ) 
 (  0.030433 -0.115745 -0.450280 -0.332857  0.289339 -0.000372 ) 
 ( -0.030461  0.115754  0.450693  0.333203  0.288224  0.000000 ) 
     freq (    9) =      11.273969 [THz] =     376.059132 [cm-1]
 (  0.002707  0.024195 -0.234374  0.175162 -0.000312 -0.000118 ) 
 (  0.013558  0.062163 -0.029434 -0.103969 -0.663780  0.000139 ) 
 (  0.013447  0.062234 -0.029105 -0.103357  0.664743  0.000000 ) 
 **************************************************************************
