   8   8   1
  64
   0.000000000000000E+00   0.000000000000000E+00   0.000000000000000E+00
   0.000000000000000E+00   0.145722360898097E+00   0.000000000000000E+00
  -0.000000000000000E+00  -0.145722360898097E+00  -0.000000000000000E+00
   0.126199266454951E+00  -0.728611803754885E-01   0.000000000000000E+00
  -0.126199266454951E+00   0.728611803754885E-01  -0.000000000000000E+00
  -0.126199266454951E+00  -0.728611805226089E-01   0.000000000000000E+00
   0.126199266454951E+00   0.728611805226089E-01  -0.000000000000000E+00
   0.000000000000000E+00   0.291444721796195E+00   0.000000000000000E+00
  -0.000000000000000E+00  -0.291444721796195E+00  -0.000000000000000E+00
   0.252398532909903E+00  -0.145722360750977E+00   0.000000000000000E+00
  -0.252398532909903E+00   0.145722360750977E+00  -0.000000000000000E+00
  -0.252398532909903E+00  -0.145722361045218E+00   0.000000000000000E+00
   0.252398532909903E+00   0.145722361045218E+00  -0.000000000000000E+00
   0.000000000000000E+00   0.437167082694292E+00   0.000000000000000E+00
  -0.000000000000000E+00  -0.437167082694292E+00  -0.000000000000000E+00
   0.378597799364854E+00  -0.218583541126465E+00   0.000000000000000E+00
  -0.378597799364854E+00   0.218583541126465E+00  -0.000000000000000E+00
  -0.378597799364854E+00  -0.218583541567827E+00   0.000000000000000E+00
   0.378597799364854E+00   0.218583541567827E+00  -0.000000000000000E+00
   0.000000000000000E+00  -0.582889443592389E+00   0.000000000000000E+00
  -0.504797065819806E+00   0.291444721501954E+00   0.000000000000000E+00
   0.504797065819806E+00   0.291444722090436E+00   0.000000000000000E+00
   0.126199266454951E+00   0.218583541420706E+00   0.000000000000000E+00
  -0.126199266454951E+00   0.218583541273586E+00   0.000000000000000E+00
   0.126199266454951E+00  -0.218583541273586E+00   0.000000000000000E+00
  -0.252398532909903E+00  -0.147120371440934E-09   0.000000000000000E+00
   0.252398532909903E+00   0.147120454707661E-09   0.000000000000000E+00
  -0.126199266454951E+00  -0.218583541420706E+00   0.000000000000000E+00
   0.126199266454951E+00   0.364305902318804E+00   0.000000000000000E+00
  -0.126199266454951E+00  -0.364305902318804E+00  -0.000000000000000E+00
  -0.126199266454951E+00   0.364305902171683E+00   0.000000000000000E+00
   0.126199266454951E+00  -0.364305902171683E+00  -0.000000000000000E+00
   0.252398532909903E+00  -0.291444721649074E+00   0.000000000000000E+00
  -0.252398532909903E+00   0.291444721649074E+00  -0.000000000000000E+00
  -0.378597799364854E+00  -0.728611806697293E-01   0.000000000000000E+00
   0.378597799364854E+00   0.728611806697293E-01  -0.000000000000000E+00
   0.378597799364854E+00  -0.728611802283680E-01   0.000000000000000E+00
  -0.378597799364854E+00   0.728611802283680E-01  -0.000000000000000E+00
  -0.252398532909903E+00  -0.291444721943315E+00   0.000000000000000E+00
   0.252398532909903E+00   0.291444721943315E+00  -0.000000000000000E+00
   0.126199266454951E+00   0.510028263216901E+00   0.000000000000000E+00
  -0.126199266454951E+00  -0.510028263216901E+00  -0.000000000000000E+00
  -0.126199266454951E+00   0.510028263069781E+00   0.000000000000000E+00
   0.126199266454951E+00  -0.510028263069781E+00  -0.000000000000000E+00
   0.378597799364854E+00  -0.364305902024563E+00   0.000000000000000E+00
  -0.378597799364854E+00   0.364305902024563E+00  -0.000000000000000E+00
  -0.504797065819806E+00  -0.145722361192338E+00   0.000000000000000E+00
   0.504797065819806E+00   0.145722361192338E+00  -0.000000000000000E+00
   0.504797065819806E+00  -0.145722360603856E+00   0.000000000000000E+00
  -0.504797065819806E+00   0.145722360603856E+00  -0.000000000000000E+00
  -0.378597799364854E+00  -0.364305902465924E+00   0.000000000000000E+00
   0.378597799364854E+00   0.364305902465924E+00  -0.000000000000000E+00
   0.252398532909903E+00   0.437167082841413E+00   0.000000000000000E+00
  -0.252398532909903E+00   0.437167082547172E+00   0.000000000000000E+00
   0.252398532909903E+00  -0.437167082547172E+00   0.000000000000000E+00
  -0.504797065819806E+00  -0.294240853904171E-09   0.000000000000000E+00
   0.504797065819806E+00   0.294240853904171E-09   0.000000000000000E+00
  -0.252398532909903E+00  -0.437167082841413E+00   0.000000000000000E+00
   0.252398532909903E+00   0.582889443739510E+00   0.000000000000000E+00
  -0.252398532909903E+00   0.582889443445269E+00   0.000000000000000E+00
   0.378597799364854E+00  -0.510028262922660E+00   0.000000000000000E+00
  -0.630996332274757E+00  -0.728611808168498E-01   0.000000000000000E+00
   0.630996332274757E+00  -0.728611800812476E-01   0.000000000000000E+00
  -0.378597799364854E+00  -0.510028263364021E+00   0.000000000000000E+00
