Dynamical matrix file
File generated with the CellConstructor by Lorenzo Monacelli
3 5 0     1.8897259890000000     0.0000000000000000     0.0000000000000000     0.0000000000000000     0.0000000000000000     0.0000000000000000
Basis vectors
    6.2340501132548267     0.0000000000000000     0.0000000000000000
    0.0000000000000000     6.2340501132548267     0.0000000000000000
    0.0000000000000000     0.0000000000000000     6.2340501132548267
	1  'Cs '  121135.9130928798404057
	2  'Pb '  188851.2534489461977500
	3  'I '  115666.3524506476387614
    1     1     3.1170250566274138     3.1170250566274138     3.1170250566274138
    2     2     0.0000000000000002     0.0000000000000002     0.0000000000000002
    3     3     3.1170250566274138     0.0000000000000002     0.0000000000000002
    4     3     0.0000000000000002     0.0000000000000002     3.1170250566274138
    5     3     0.0000000000000002     3.1170250566274138     0.0000000000000002

     Dynamical Matrix in cartesian axes

     q = (    -0.080204680892    -0.080204680892    -0.080204680892 )

    1    1
     0.0104465276462394     0.0000000000000000        0.0000000000000000     0.0000000000000000        0.0000000000000000     0.0000000000000000
     0.0000000000000000     0.0000000000000000        0.0104465276462394     0.0000000000000000        0.0000000000000000     0.0000000000000000
     0.0000000000000000     0.0000000000000000        0.0000000000000000     0.0000000000000000        0.0104465276462394     0.0000000000000000
    1    2
    -0.0000000000000000     0.0000000000000000       -0.0000000000000000     0.0000000000000000       -0.0000000000000000     0.0000000000000000
    -0.0000000000000000     0.0000000000000000       -0.0000000000000000     0.0000000000000000       -0.0000000000000000     0.0000000000000000
    -0.0000000000000000     0.0000000000000000       -0.0000000000000000     0.0000000000000000       -0.0000000000000000     0.0000000000000000
    1    3
     0.0000000000000000     0.0000000000000000       -0.0000000000000000     0.0000000000000000       -0.0000000000000000     0.0000000000000000
    -0.0000000000000000     0.0000000000000000        0.0000000000000000     0.0000000000000000       -0.0024149571707465     0.0000000000000000
    -0.0000000000000000     0.0000000000000000       -0.0024149571707465     0.0000000000000000        0.0000000000000000     0.0000000000000000
    1    4
     0.0000000000000000     0.0000000000000000       -0.0024149571707465     0.0000000000000000       -0.0000000000000000     0.0000000000000000
    -0.0024149571707465     0.0000000000000000        0.0000000000000000     0.0000000000000000        0.0000000000000000     0.0000000000000000
    -0.0000000000000000     0.0000000000000000        0.0000000000000000     0.0000000000000000        0.0000000000000000     0.0000000000000000
    1    5
     0.0000000000000000     0.0000000000000000        0.0000000000000000     0.0000000000000000       -0.0024149571707465     0.0000000000000000
     0.0000000000000000     0.0000000000000000        0.0000000000000000     0.0000000000000000        0.0000000000000000     0.0000000000000000
    -0.0024149571707465     0.0000000000000000       -0.0000000000000000     0.0000000000000000        0.0000000000000000     0.0000000000000000
    2    1
    -0.0000000000000000     0.0000000000000000       -0.0000000000000000     0.0000000000000000       -0.0000000000000000     0.0000000000000000
    -0.0000000000000000     0.0000000000000000       -0.0000000000000000     0.0000000000000000       -0.0000000000000000     0.0000000000000000
    -0.0000000000000000     0.0000000000000000       -0.0000000000000000     0.0000000000000000       -0.0000000000000000     0.0000000000000000
    2    2
     0.0881353924116216     0.0000000000000000        0.0000000000000000     0.0000000000000000        0.0000000000000000     0.0000000000000000
     0.0000000000000000     0.0000000000000000        0.0881353924116216     0.0000000000000000        0.0000000000000000     0.0000000000000000
     0.0000000000000000     0.0000000000000000        0.0000000000000000     0.0000000000000000        0.0881353924116216     0.0000000000000000
    2    3
     0.0000000000000000     0.0000000000000000        0.0000000000000000     0.0000000000000000       -0.0000000000000000     0.0000000000000000
     0.0000000000000000     0.0000000000000000        0.0000000000000000     0.0000000000000000        0.0000000000000000     0.0000000000000000
    -0.0000000000000000     0.0000000000000000        0.0000000000000000     0.0000000000000000        0.0000000000000000     0.0000000000000000
    2    4
     0.0000000000000000     0.0000000000000000        0.0000000000000000     0.0000000000000000        0.0000000000000000     0.0000000000000000
    -0.0000000000000000     0.0000000000000000        0.0000000000000000     0.0000000000000000       -0.0000000000000000     0.0000000000000000
     0.0000000000000000     0.0000000000000000       -0.0000000000000000     0.0000000000000000        0.0000000000000000     0.0000000000000000
    2    5
     0.0000000000000000     0.0000000000000000       -0.0000000000000000     0.0000000000000000        0.0000000000000000     0.0000000000000000
    -0.0000000000000000     0.0000000000000000        0.0000000000000000     0.0000000000000000        0.0000000000000000     0.0000000000000000
     0.0000000000000000     0.0000000000000000        0.0000000000000000     0.0000000000000000        0.0000000000000000     0.0000000000000000
    3    1
     0.0000000000000000     0.0000000000000000       -0.0000000000000000     0.0000000000000000       -0.0000000000000000     0.0000000000000000
    -0.0000000000000000     0.0000000000000000        0.0000000000000000     0.0000000000000000       -0.0024149571707465     0.0000000000000000
    -0.0000000000000000     0.0000000000000000       -0.0024149571707465     0.0000000000000000        0.0000000000000000     0.0000000000000000
    3    2
     0.0000000000000000     0.0000000000000000        0.0000000000000000     0.0000000000000000       -0.0000000000000000     0.0000000000000000
     0.0000000000000000     0.0000000000000000        0.0000000000000000     0.0000000000000000        0.0000000000000000     0.0000000000000000
    -0.0000000000000000     0.0000000000000000        0.0000000000000000     0.0000000000000000        0.0000000000000000     0.0000000000000000
    3    3
     0.1239226352722585     0.0000000000000000        0.0000000000000000     0.0000000000000000        0.0000000000000000     0.0000000000000000
     0.0000000000000000     0.0000000000000000        0.0108272933515541     0.0000000000000000        0.0000000000000000     0.0000000000000000
     0.0000000000000000     0.0000000000000000        0.0000000000000000     0.0000000000000000        0.0108272933515541     0.0000000000000000
    3    4
    -0.0000000000000000     0.0000000000000000        0.0000000000000000     0.0000000000000000        0.0143426490098423     0.0000000000000000
    -0.0000000000000000     0.0000000000000000       -0.0000000000000000     0.0000000000000000        0.0000000000000000     0.0000000000000000
     0.0091115362874814     0.0000000000000000       -0.0000000000000000     0.0000000000000000       -0.0000000000000000     0.0000000000000000
    3    5
    -0.0000000000000000     0.0000000000000000        0.0143426490098423     0.0000000000000000       -0.0000000000000000     0.0000000000000000
     0.0091115362874814     0.0000000000000000       -0.0000000000000000     0.0000000000000000       -0.0000000000000000     0.0000000000000000
     0.0000000000000000     0.0000000000000000       -0.0000000000000000     0.0000000000000000       -0.0000000000000000     0.0000000000000000
    4    1
     0.0000000000000000     0.0000000000000000       -0.0024149571707465     0.0000000000000000       -0.0000000000000000     0.0000000000000000
    -0.0024149571707465     0.0000000000000000        0.0000000000000000     0.0000000000000000        0.0000000000000000     0.0000000000000000
    -0.0000000000000000     0.0000000000000000        0.0000000000000000     0.0000000000000000        0.0000000000000000     0.0000000000000000
    4    2
     0.0000000000000000     0.0000000000000000       -0.0000000000000000     0.0000000000000000        0.0000000000000000     0.0000000000000000
     0.0000000000000000     0.0000000000000000        0.0000000000000000     0.0000000000000000       -0.0000000000000000     0.0000000000000000
     0.0000000000000000     0.0000000000000000       -0.0000000000000000     0.0000000000000000        0.0000000000000000     0.0000000000000000
    4    3
    -0.0000000000000000     0.0000000000000000       -0.0000000000000000     0.0000000000000000        0.0091115362874814     0.0000000000000000
     0.0000000000000000     0.0000000000000000       -0.0000000000000000     0.0000000000000000       -0.0000000000000000     0.0000000000000000
     0.0143426490098423     0.0000000000000000        0.0000000000000000     0.0000000000000000       -0.0000000000000000     0.0000000000000000
    4    4
     0.0108272933515541     0.0000000000000000        0.0000000000000000     0.0000000000000000        0.0000000000000000     0.0000000000000000
     0.0000000000000000     0.0000000000000000        0.0108272933515541     0.0000000000000000        0.0000000000000000     0.0000000000000000
     0.0000000000000000     0.0000000000000000        0.0000000000000000     0.0000000000000000        0.1239226352722585     0.0000000000000000
    4    5
    -0.0000000000000000     0.0000000000000000       -0.0000000000000000     0.0000000000000000       -0.0000000000000000     0.0000000000000000
     0.0000000000000000     0.0000000000000000       -0.0000000000000000     0.0000000000000000        0.0091115362874814     0.0000000000000000
     0.0000000000000000     0.0000000000000000        0.0143426490098423     0.0000000000000000       -0.0000000000000000     0.0000000000000000
    5    1
     0.0000000000000000     0.0000000000000000        0.0000000000000000     0.0000000000000000       -0.0024149571707465     0.0000000000000000
     0.0000000000000000     0.0000000000000000        0.0000000000000000     0.0000000000000000       -0.0000000000000000     0.0000000000000000
    -0.0024149571707465     0.0000000000000000        0.0000000000000000     0.0000000000000000        0.0000000000000000     0.0000000000000000
    5    2
     0.0000000000000000     0.0000000000000000       -0.0000000000000000     0.0000000000000000        0.0000000000000000     0.0000000000000000
    -0.0000000000000000     0.0000000000000000        0.0000000000000000     0.0000000000000000        0.0000000000000000     0.0000000000000000
     0.0000000000000000     0.0000000000000000        0.0000000000000000     0.0000000000000000        0.0000000000000000     0.0000000000000000
    5    3
    -0.0000000000000000     0.0000000000000000        0.0091115362874814     0.0000000000000000        0.0000000000000000     0.0000000000000000
     0.0143426490098423     0.0000000000000000       -0.0000000000000000     0.0000000000000000       -0.0000000000000000     0.0000000000000000
    -0.0000000000000000     0.0000000000000000       -0.0000000000000000     0.0000000000000000       -0.0000000000000000     0.0000000000000000
    5    4
    -0.0000000000000000     0.0000000000000000        0.0000000000000000     0.0000000000000000        0.0000000000000000     0.0000000000000000
    -0.0000000000000000     0.0000000000000000       -0.0000000000000000     0.0000000000000000        0.0143426490098423     0.0000000000000000
    -0.0000000000000000     0.0000000000000000        0.0091115362874814     0.0000000000000000       -0.0000000000000000     0.0000000000000000
    5    5
     0.0108272933515541     0.0000000000000000        0.0000000000000000     0.0000000000000000        0.0000000000000000     0.0000000000000000
     0.0000000000000000     0.0000000000000000        0.1239226352722585     0.0000000000000000        0.0000000000000000     0.0000000000000000
     0.0000000000000000     0.0000000000000000        0.0000000000000000     0.0000000000000000        0.0108272933515541     0.0000000000000000

     Diagonalizing the dynamical matrix

     q = (    -0.080204680892    -0.080204680892    -0.080204680892 )

***************************************************************************
   freq (    1) =     0.40068183 [THz] =    13.36530540 [cm-1]
(   0.000000  0.000000   0.000000  0.000000  -0.000000  0.000000 )
(   0.000000  0.000000   0.000000  0.000000  -0.000000  0.000000 )
(   0.000000  0.000000   0.707107  0.000000  -0.000000  0.000000 )
(   0.000000  0.000000  -0.000000  0.000000  -0.000000  0.000000 )
(  -0.707107  0.000000  -0.000000  0.000000   0.000000  0.000000 )
   freq (    2) =     0.40068183 [THz] =    13.36530540 [cm-1]
(  -0.000000  0.000000   0.000000  0.000000  -0.000000  0.000000 )
(   0.000000  0.000000  -0.000000  0.000000   0.000000  0.000000 )
(   0.000000  0.000000  -0.000000  0.000000   0.000000  0.000000 )
(   0.000000  0.000000   0.707107  0.000000   0.000000  0.000000 )
(  -0.000000  0.000000   0.000000  0.000000  -0.707107  0.000000 )
   freq (    3) =     0.40068183 [THz] =    13.36530540 [cm-1]
(   0.000000  0.000000  -0.000000  0.000000  -0.000000  0.000000 )
(  -0.000000  0.000000   0.000000  0.000000  -0.000000  0.000000 )
(  -0.000000  0.000000   0.000000  0.000000   0.707107  0.000000 )
(  -0.707107  0.000000   0.000000  0.000000   0.000000  0.000000 )
(  -0.000000  0.000000   0.000000  0.000000  -0.000000  0.000000 )
   freq (    4) =     0.91566091 [THz] =    30.54315605 [cm-1]
(   0.954849  0.000000   0.005195  0.000000   0.000006  0.000000 )
(   0.000000  0.000000   0.000000  0.000000   0.000000  0.000000 )
(   0.000000  0.000000   0.000001  0.000000   0.001143  0.000000 )
(   0.001143  0.000000   0.210040  0.000000   0.000000  0.000000 )
(   0.000001  0.000000   0.000000  0.000000   0.210040  0.000000 )
   freq (    5) =     0.91566091 [THz] =    30.54315605 [cm-1]
(  -0.005195  0.000000   0.954846  0.000000   0.002496  0.000000 )
(  -0.000000  0.000000   0.000000  0.000000   0.000000  0.000000 )
(  -0.000000  0.000000   0.000549  0.000000   0.210040  0.000000 )
(   0.210040  0.000000  -0.001143  0.000000   0.000000  0.000000 )
(   0.000549  0.000000   0.000000  0.000000  -0.001143  0.000000 )
   freq (    6) =     0.91566091 [THz] =    30.54315605 [cm-1]
(  -0.000008  0.000000   0.002496  0.000000  -0.954860  0.000000 )
(  -0.000000  0.000000  -0.000000  0.000000  -0.000000  0.000000 )
(   0.000000  0.000000  -0.210043  0.000000   0.000549  0.000000 )
(   0.000549  0.000000  -0.000002  0.000000  -0.000000  0.000000 )
(  -0.210043  0.000000  -0.000000  0.000000  -0.000002  0.000000 )
   freq (    7) =     1.40022563 [THz] =    46.70649270 [cm-1]
(   0.000000  0.000000  -0.000000  0.000000   0.284745  0.000000 )
(  -0.000000  0.000000  -0.000000  0.000000   0.000000  0.000000 )
(   0.000000  0.000000  -0.677835  0.000000   0.000000  0.000000 )
(   0.000000  0.000000   0.000000  0.000000  -0.000000  0.000000 )
(  -0.677835  0.000000  -0.000000  0.000000  -0.000000  0.000000 )
   freq (    8) =     1.40022563 [THz] =    46.70649270 [cm-1]
(   0.284522  0.000000   0.011277  0.000000   0.000000  0.000000 )
(  -0.000000  0.000000   0.000000  0.000000   0.000000  0.000000 )
(  -0.000000  0.000000  -0.000000  0.000000  -0.026845  0.000000 )
(  -0.026845  0.000000  -0.677303  0.000000  -0.000000  0.000000 )
(  -0.000000  0.000000  -0.000000  0.000000  -0.677303  0.000000 )
   freq (    9) =     1.40022563 [THz] =    46.70649270 [cm-1]
(   0.011277  0.000000  -0.284522  0.000000  -0.000000  0.000000 )
(   0.000000  0.000000  -0.000000  0.000000  -0.000000  0.000000 )
(   0.000000  0.000000   0.000000  0.000000   0.677303  0.000000 )
(   0.677303  0.000000  -0.026845  0.000000   0.000000  0.000000 )
(   0.000000  0.000000   0.000000  0.000000  -0.026845  0.000000 )
   freq (   10) =     2.24745244 [THz] =    74.96693319 [cm-1]
(   0.000000  0.000000  -0.000000  0.000000  -0.000000  0.000000 )
(  -0.747620  0.000000   0.501900  0.000000   0.434925  0.000000 )
(   0.000000  0.000000  -0.000000  0.000000   0.000000  0.000000 )
(  -0.000000  0.000000   0.000000  0.000000  -0.000000  0.000000 )
(   0.000000  0.000000   0.000000  0.000000  -0.000000  0.000000 )
   freq (   11) =     2.24745244 [THz] =    74.96693319 [cm-1]
(   0.000000  0.000000   0.000000  0.000000  -0.000000  0.000000 )
(   0.630722  0.000000   0.741661  0.000000   0.228318  0.000000 )
(  -0.000000  0.000000  -0.000000  0.000000  -0.000000  0.000000 )
(  -0.000000  0.000000  -0.000000  0.000000  -0.000000  0.000000 )
(  -0.000000  0.000000   0.000000  0.000000   0.000000  0.000000 )
   freq (   12) =     2.24745244 [THz] =    74.96693319 [cm-1]
(   0.000000  0.000000   0.000000  0.000000   0.000000  0.000000 )
(   0.207974  0.000000  -0.445012  0.000000   0.871040  0.000000 )
(   0.000000  0.000000   0.000000  0.000000   0.000000  0.000000 )
(  -0.000000  0.000000  -0.000000  0.000000   0.000000  0.000000 )
(   0.000000  0.000000  -0.000000  0.000000   0.000000  0.000000 )
   freq (   13) =     3.20211832 [THz] =   106.81115468 [cm-1]
(   0.000000  0.000000  -0.000000  0.000000  -0.000000  0.000000 )
(  -0.000000  0.000000   0.000000  0.000000  -0.000000  0.000000 )
(   0.163699  0.000000   0.000000  0.000000  -0.000000  0.000000 )
(   0.000000  0.000000  -0.000000  0.000000   0.610900  0.000000 )
(   0.000000  0.000000  -0.774599  0.000000   0.000000  0.000000 )
   freq (   14) =     3.20211832 [THz] =   106.81115468 [cm-1]
(   0.000000  0.000000  -0.000000  0.000000   0.000000  0.000000 )
(  -0.000000  0.000000   0.000000  0.000000   0.000000  0.000000 )
(  -0.799918  0.000000  -0.000000  0.000000  -0.000000  0.000000 )
(   0.000000  0.000000   0.000000  0.000000   0.541727  0.000000 )
(  -0.000000  0.000000   0.258191  0.000000  -0.000000  0.000000 )
   freq (   15) =     3.77885571 [THz] =   126.04904066 [cm-1]
(   0.000000  0.000000   0.000000  0.000000   0.000000  0.000000 )
(  -0.000000  0.000000   0.000000  0.000000  -0.000000  0.000000 )
(  -0.577350  0.000000  -0.000000  0.000000   0.000000  0.000000 )
(  -0.000000  0.000000  -0.000000  0.000000  -0.577350  0.000000 )
(  -0.000000  0.000000  -0.577350  0.000000   0.000000  0.000000 )
***************************************************************************
