Dynamical matrix file
File generated with the CellConstructor by Lorenzo Monacelli
3 5 0     1.8897259890000000     0.0000000000000000     0.0000000000000000     0.0000000000000000     0.0000000000000000     0.0000000000000000
Basis vectors
    6.2340501132548267     0.0000000000000000     0.0000000000000000
    0.0000000000000000     6.2340501132548267     0.0000000000000000
    0.0000000000000000     0.0000000000000000     6.2340501132548267
	1  'Cs '  121135.9130928798404057
	2  'Pb '  188851.2534489461977500
	3  'I '  115666.3524506476387614
    1     1     3.1170250566274138     3.1170250566274138     3.1170250566274138
    2     2     0.0000000000000004     0.0000000000000004     0.0000000000000004
    3     3     3.1170250566274138     0.0000000000000004     0.0000000000000004
    4     3     0.0000000000000004     0.0000000000000004     3.1170250566274138
    5     3     0.0000000000000004     3.1170250566274138     0.0000000000000004

     Dynamical Matrix in cartesian axes

     q = (    -0.080204680892    -0.080204680892    -0.080204680892 )

    1    1
     0.0102408178269962     0.0000000000000000        0.0000000000000000     0.0000000000000000        0.0000000000000000     0.0000000000000000
     0.0000000000000000     0.0000000000000000        0.0102408178269962     0.0000000000000000        0.0000000000000000     0.0000000000000000
     0.0000000000000000     0.0000000000000000        0.0000000000000000     0.0000000000000000        0.0102408178269962     0.0000000000000000
    1    2
     0.0000000000000000    -0.0000000000000000       -0.0000000000000000    -0.0000000000000000       -0.0000000000000000    -0.0000000000000000
    -0.0000000000000000    -0.0000000000000000        0.0000000000000000    -0.0000000000000000       -0.0000000000000000    -0.0000000000000000
    -0.0000000000000000    -0.0000000000000000       -0.0000000000000000    -0.0000000000000000        0.0000000000000000    -0.0000000000000000
    1    3
     0.0000000000000000    -0.0000000000000000        0.0000000000000000    -0.0000000000000000        0.0000000000000000    -0.0000000000000000
    -0.0000000000000000     0.0000000000000000        0.0000000000000000    -0.0000000000000000       -0.0019978773377403     0.0000000001746391
    -0.0000000000000000     0.0000000000000000       -0.0019978773377403     0.0000000001746391        0.0000000000000000    -0.0000000000000000
    1    4
     0.0000000000000000    -0.0000000000000000       -0.0019978773377403     0.0000000001746391        0.0000000000000000    -0.0000000000000000
    -0.0019978773377403     0.0000000001746391        0.0000000000000000    -0.0000000000000000        0.0000000000000000     0.0000000000000000
    -0.0000000000000000    -0.0000000000000000        0.0000000000000000     0.0000000000000000        0.0000000000000000    -0.0000000000000000
    1    5
     0.0000000000000000    -0.0000000000000000       -0.0000000000000000    -0.0000000000000000       -0.0019978773377403     0.0000000001746391
     0.0000000000000000     0.0000000000000000        0.0000000000000000    -0.0000000000000000        0.0000000000000000     0.0000000000000000
    -0.0019978773377403     0.0000000001746391        0.0000000000000000    -0.0000000000000000        0.0000000000000000    -0.0000000000000000
    2    1
     0.0000000000000000     0.0000000000000000       -0.0000000000000000     0.0000000000000000       -0.0000000000000000     0.0000000000000000
    -0.0000000000000000     0.0000000000000000        0.0000000000000000     0.0000000000000000       -0.0000000000000000     0.0000000000000000
    -0.0000000000000000     0.0000000000000000       -0.0000000000000000     0.0000000000000000        0.0000000000000000     0.0000000000000000
    2    2
     0.0864357027542672     0.0000000000000000        0.0000000000000000     0.0000000000000000        0.0000000000000000     0.0000000000000000
     0.0000000000000000     0.0000000000000000        0.0864357027542672     0.0000000000000000        0.0000000000000000     0.0000000000000000
     0.0000000000000000     0.0000000000000000        0.0000000000000000     0.0000000000000000        0.0864357027542672     0.0000000000000000
    2    3
    -0.0000000000000000     0.0000000000000000        0.0000000000000000     0.0000000000000000        0.0000000000000000     0.0000000000000000
     0.0000000000000000     0.0000000000000000       -0.0000000000000000     0.0000000000000000        0.0000000000000000    -0.0000000000000000
     0.0000000000000000     0.0000000000000000        0.0000000000000000    -0.0000000000000000       -0.0000000000000000     0.0000000000000000
    2    4
    -0.0000000000000000     0.0000000000000000       -0.0000000000000000     0.0000000000000000        0.0000000000000000     0.0000000000000000
     0.0000000000000000    -0.0000000000000000       -0.0000000000000000     0.0000000000000000        0.0000000000000000     0.0000000000000000
     0.0000000000000000     0.0000000000000000        0.0000000000000000     0.0000000000000000       -0.0000000000000000     0.0000000000000000
    2    5
    -0.0000000000000000     0.0000000000000000        0.0000000000000000     0.0000000000000000       -0.0000000000000000     0.0000000000000000
     0.0000000000000000     0.0000000000000000       -0.0000000000000000     0.0000000000000000        0.0000000000000000     0.0000000000000000
    -0.0000000000000000     0.0000000000000000        0.0000000000000000     0.0000000000000000       -0.0000000000000000     0.0000000000000000
    3    1
     0.0000000000000000     0.0000000000000000       -0.0000000000000000    -0.0000000000000000       -0.0000000000000000     0.0000000000000000
     0.0000000000000000     0.0000000000000000        0.0000000000000000     0.0000000000000000       -0.0019978773377403    -0.0000000001746391
     0.0000000000000000     0.0000000000000000       -0.0019978773377403    -0.0000000001746391        0.0000000000000000     0.0000000000000000
    3    2
    -0.0000000000000000    -0.0000000000000000        0.0000000000000000     0.0000000000000000        0.0000000000000000     0.0000000000000000
     0.0000000000000000     0.0000000000000000       -0.0000000000000000    -0.0000000000000000        0.0000000000000000     0.0000000000000000
     0.0000000000000000     0.0000000000000000        0.0000000000000000     0.0000000000000000       -0.0000000000000000    -0.0000000000000000
    3    3
     0.1187366780923709     0.0000000000000000        0.0000000000000000     0.0000000000000000        0.0000000000000000     0.0000000000000000
     0.0000000000000000     0.0000000000000000        0.0104881983283931     0.0000000000000000        0.0000000000000000     0.0000000000000000
     0.0000000000000000     0.0000000000000000        0.0000000000000000     0.0000000000000000        0.0104881983283931     0.0000000000000000
    3    4
     0.0000000000000000     0.0000000000000000       -0.0000000000000000     0.0000000000000000        0.0101542142398828     0.0000000000000000
     0.0000000000000000     0.0000000000000000       -0.0000000000000000     0.0000000000000000       -0.0000000000000000    -0.0000000000000000
     0.0088270483869942     0.0000000000000000        0.0000000000000000    -0.0000000000000000        0.0000000000000000     0.0000000000000000
    3    5
     0.0000000000000000     0.0000000000000000        0.0101542142398828     0.0000000000000000        0.0000000000000000     0.0000000000000000
     0.0088270483869942     0.0000000000000000        0.0000000000000000     0.0000000000000000        0.0000000000000000     0.0000000000000000
     0.0000000000000000     0.0000000000000000       -0.0000000000000000    -0.0000000000000000       -0.0000000000000000     0.0000000000000000
    4    1
     0.0000000000000000     0.0000000000000000       -0.0019978773377403    -0.0000000001746391       -0.0000000000000000     0.0000000000000000
    -0.0019978773377403    -0.0000000001746391        0.0000000000000000     0.0000000000000000        0.0000000000000000    -0.0000000000000000
     0.0000000000000000     0.0000000000000000        0.0000000000000000     0.0000000000000000        0.0000000000000000     0.0000000000000000
    4    2
    -0.0000000000000000    -0.0000000000000000        0.0000000000000000     0.0000000000000000        0.0000000000000000     0.0000000000000000
    -0.0000000000000000    -0.0000000000000000       -0.0000000000000000    -0.0000000000000000        0.0000000000000000     0.0000000000000000
     0.0000000000000000     0.0000000000000000        0.0000000000000000     0.0000000000000000       -0.0000000000000000    -0.0000000000000000
    4    3
     0.0000000000000000     0.0000000000000000        0.0000000000000000    -0.0000000000000000        0.0088270483869942     0.0000000000000000
    -0.0000000000000000    -0.0000000000000000       -0.0000000000000000     0.0000000000000000        0.0000000000000000     0.0000000000000000
     0.0101542142398828     0.0000000000000000       -0.0000000000000000     0.0000000000000000        0.0000000000000000     0.0000000000000000
    4    4
     0.0104881983283931     0.0000000000000000        0.0000000000000000     0.0000000000000000        0.0000000000000000     0.0000000000000000
     0.0000000000000000     0.0000000000000000        0.0104881983283931     0.0000000000000000        0.0000000000000000     0.0000000000000000
     0.0000000000000000     0.0000000000000000        0.0000000000000000     0.0000000000000000        0.1187366780923709     0.0000000000000000
    4    5
    -0.0000000000000000     0.0000000000000000       -0.0000000000000000     0.0000000000000000        0.0000000000000000    -0.0000000000000000
     0.0000000000000000    -0.0000000000000000        0.0000000000000000     0.0000000000000000        0.0088270483869942     0.0000000000000000
    -0.0000000000000000    -0.0000000000000000        0.0101542142398828     0.0000000000000000        0.0000000000000000     0.0000000000000000
    5    1
     0.0000000000000000     0.0000000000000000        0.0000000000000000    -0.0000000000000000       -0.0019978773377403    -0.0000000001746391
    -0.0000000000000000     0.0000000000000000        0.0000000000000000     0.0000000000000000        0.0000000000000000     0.0000000000000000
    -0.0019978773377403    -0.0000000001746391        0.0000000000000000    -0.0000000000000000        0.0000000000000000     0.0000000000000000
    5    2
    -0.0000000000000000    -0.0000000000000000        0.0000000000000000     0.0000000000000000       -0.0000000000000000    -0.0000000000000000
     0.0000000000000000     0.0000000000000000       -0.0000000000000000    -0.0000000000000000        0.0000000000000000     0.0000000000000000
    -0.0000000000000000    -0.0000000000000000        0.0000000000000000     0.0000000000000000       -0.0000000000000000    -0.0000000000000000
    5    3
     0.0000000000000000     0.0000000000000000        0.0088270483869942     0.0000000000000000        0.0000000000000000    -0.0000000000000000
     0.0101542142398828     0.0000000000000000        0.0000000000000000     0.0000000000000000       -0.0000000000000000     0.0000000000000000
     0.0000000000000000    -0.0000000000000000        0.0000000000000000    -0.0000000000000000       -0.0000000000000000     0.0000000000000000
    5    4
    -0.0000000000000000     0.0000000000000000        0.0000000000000000     0.0000000000000000       -0.0000000000000000     0.0000000000000000
    -0.0000000000000000    -0.0000000000000000        0.0000000000000000     0.0000000000000000        0.0101542142398828     0.0000000000000000
     0.0000000000000000     0.0000000000000000        0.0088270483869942     0.0000000000000000        0.0000000000000000     0.0000000000000000
    5    5
     0.0104881983283931     0.0000000000000000        0.0000000000000000     0.0000000000000000        0.0000000000000000     0.0000000000000000
     0.0000000000000000     0.0000000000000000        0.1187366780923709     0.0000000000000000        0.0000000000000000     0.0000000000000000
     0.0000000000000000     0.0000000000000000        0.0000000000000000     0.0000000000000000        0.0104881983283931     0.0000000000000000

     Diagonalizing the dynamical matrix

     q = (    -0.080204680892    -0.080204680892    -0.080204680892 )

***************************************************************************
   freq (    1) =     0.39425406 [THz] =    13.15089792 [cm-1]
(   0.000000  0.000000  -0.000000  0.000000  -0.000000  0.000000 )
(  -0.000000 -0.000000   0.000000  0.000000   0.000000 -0.000000 )
(  -0.000000  0.000000  -0.052384 -0.000000  -0.046714  0.000000 )
(   0.046714 -0.000000   0.703615 -0.000000   0.000000 -0.000000 )
(   0.052384  0.000000   0.000000 -0.000000  -0.703615  0.000000 )
   freq (    2) =     0.39425406 [THz] =    13.15089792 [cm-1]
(  -0.000000  0.000000   0.000000  0.000000   0.000000  0.000000 )
(  -0.000000  0.000000  -0.000000 -0.000000  -0.000000  0.000000 )
(  -0.000000 -0.000000   0.689731  0.000004  -0.150197 -0.000001 )
(   0.150197  0.000001   0.041379  0.000000   0.000000  0.000000 )
(  -0.689731 -0.000004   0.000000 -0.000000  -0.041379 -0.000000 )
   freq (    3) =     0.39425406 [THz] =    13.15089792 [cm-1]
(   0.000000  0.000000   0.000000  0.000000   0.000000 -0.000000 )
(   0.000000 -0.000000   0.000000 -0.000000  -0.000000 -0.000000 )
(  -0.000000 -0.000000  -0.146721  0.000000  -0.689390 -0.000000 )
(   0.689390  0.000000  -0.056693  0.000000  -0.000000  0.000000 )
(   0.146721 -0.000000  -0.000000  0.000000   0.056693 -0.000000 )
   freq (    4) =     0.91955858 [THz] =    30.67316828 [cm-1]
(   0.008638  0.000000   0.080007  0.000000   0.960869  0.000000 )
(  -0.000000 -0.000000  -0.000000  0.000000  -0.000000 -0.000000 )
(  -0.000000  0.000000   0.186770  0.000000   0.015551  0.000000 )
(   0.015551  0.000000   0.001679  0.000000   0.000000 -0.000000 )
(   0.186770  0.000000   0.000000 -0.000000   0.001679  0.000000 )
   freq (    5) =     0.91955858 [THz] =    30.67316828 [cm-1]
(   0.786834  0.000000   0.554797  0.000000  -0.053269 -0.000000 )
(   0.000000 -0.000000   0.000000  0.000000   0.000000  0.000000 )
(   0.000000 -0.000000  -0.010354 -0.000000   0.107839  0.000000 )
(   0.107839  0.000000   0.152941  0.000000  -0.000000  0.000000 )
(  -0.010354 -0.000000  -0.000000  0.000000   0.152941  0.000000 )
   freq (    6) =     0.91955858 [THz] =    30.67316828 [cm-1]
(   0.557281  0.000000  -0.784566 -0.000000   0.060318  0.000000 )
(  -0.000000  0.000000  -0.000000  0.000000  -0.000000 -0.000000 )
(  -0.000000  0.000000   0.011724  0.000000  -0.152501 -0.000000 )
(  -0.152501 -0.000000   0.108322  0.000000   0.000000 -0.000000 )
(   0.011724  0.000000   0.000000 -0.000000   0.108322  0.000000 )
   freq (    7) =     1.36994514 [THz] =    45.69644460 [cm-1]
(   0.095278  0.000000  -0.235321 -0.000000   0.000000 -0.000000 )
(  -0.000000 -0.000000   0.000000 -0.000000   0.000000  0.000000 )
(  -0.000000  0.000000  -0.000000 -0.000000   0.633949  0.000000 )
(   0.633949  0.000000  -0.256676 -0.000000   0.000000 -0.000000 )
(  -0.000000 -0.000000   0.000000 -0.000000  -0.256676 -0.000000 )
   freq (    8) =     1.36994514 [THz] =    45.69644460 [cm-1]
(   0.037906  0.000000   0.015347  0.000000  -0.250562  0.000000 )
(  -0.000000  0.000000  -0.000000  0.000000   0.000000  0.000000 )
(  -0.000000 -0.000000   0.675008  0.000000  -0.041346 -0.000000 )
(  -0.041346 -0.000000  -0.102118 -0.000000  -0.000000  0.000000 )
(   0.675008  0.000000  -0.000000  0.000000  -0.102118 -0.000000 )
   freq (    9) =     1.36994514 [THz] =    45.69644460 [cm-1]
(  -0.232248  0.000000  -0.094033 -0.000000  -0.040895  0.000000 )
(  -0.000000 -0.000000   0.000000  0.000000  -0.000000 -0.000000 )
(  -0.000000 -0.000000   0.110170  0.000000   0.253324  0.000000 )
(   0.253324  0.000000   0.625670  0.000000  -0.000000  0.000000 )
(   0.110170  0.000000  -0.000000  0.000000   0.625670  0.000000 )
   freq (   10) =     2.22567589 [THz] =    74.24054599 [cm-1]
(   0.000000  0.000000   0.000000  0.000000  -0.000000  0.000000 )
(  -0.316646  0.000000  -0.914834 -0.000000   0.250627 -0.000000 )
(   0.000000 -0.000000  -0.000000 -0.000000   0.000000  0.000000 )
(  -0.000000 -0.000000   0.000000  0.000000   0.000000 -0.000000 )
(   0.000000 -0.000000  -0.000000  0.000000  -0.000000 -0.000000 )
   freq (   11) =     2.22567589 [THz] =    74.24054599 [cm-1]
(  -0.000000  0.000000  -0.000000 -0.000000   0.000000 -0.000000 )
(   0.916859 -0.000000  -0.362913 -0.000000  -0.166324 -0.000000 )
(  -0.000000  0.000000  -0.000000 -0.000000   0.000000  0.000000 )
(  -0.000000 -0.000000   0.000000  0.000000   0.000000 -0.000000 )
(   0.000000  0.000000  -0.000000 -0.000000  -0.000000 -0.000000 )
   freq (   12) =     2.22567589 [THz] =    74.24054599 [cm-1]
(  -0.000000  0.000000  -0.000000 -0.000000   0.000000  0.000000 )
(   0.243115  0.000000   0.177123  0.000000   0.953689  0.000000 )
(   0.000000 -0.000000   0.000000  0.000000  -0.000000 -0.000000 )
(   0.000000  0.000000  -0.000000 -0.000000  -0.000000  0.000000 )
(  -0.000000 -0.000000   0.000000  0.000000   0.000000  0.000000 )
   freq (   13) =     3.18751033 [THz] =   106.32388456 [cm-1]
(   0.000000  0.000000   0.000000  0.000000  -0.000000  0.000000 )
(   0.000000 -0.000000   0.000000  0.000000   0.000000  0.000000 )
(   0.071333 -0.000000  -0.000000 -0.000000   0.000000  0.000000 )
(  -0.000000 -0.000000   0.000000  0.000000   0.668737  0.000000 )
(   0.000000  0.000000  -0.740069 -0.000000   0.000000 -0.000000 )
   freq (   14) =     3.18751033 [THz] =   106.32388456 [cm-1]
(  -0.000000  0.000000  -0.000000  0.000000   0.000000 -0.000000 )
(  -0.000000  0.000000  -0.000000  0.000000  -0.000000  0.000000 )
(  -0.813375  0.000000  -0.000000 -0.000000   0.000000 -0.000000 )
(  -0.000000  0.000000  -0.000000 -0.000000   0.468463 -0.000000 )
(   0.000000  0.000000   0.344912 -0.000000   0.000000  0.000000 )
   freq (   15) =     3.60702879 [THz] =   120.31751231 [cm-1]
(  -0.000000  0.000000   0.000000  0.000000  -0.000000  0.000000 )
(   0.000000 -0.000000   0.000000  0.000000   0.000000 -0.000000 )
(   0.577350 -0.000000   0.000000  0.000000  -0.000000 -0.000000 )
(   0.000000  0.000000   0.000000 -0.000000   0.577350 -0.000000 )
(   0.000000  0.000000   0.577350 -0.000000  -0.000000 -0.000000 )
***************************************************************************
