Dynamical matrix file
File generated with the CellConstructor by Lorenzo Monacelli
3 5 0     1.8897259890000000     0.0000000000000000     0.0000000000000000     0.0000000000000000     0.0000000000000000     0.0000000000000000
Basis vectors
    6.2340501132548267     0.0000000000000000     0.0000000000000000
    0.0000000000000000     6.2340501132548267     0.0000000000000000
    0.0000000000000000     0.0000000000000000     6.2340501132548267
	1  'Cs '  121135.9130928798404057
	2  'Pb '  188851.2534489461977500
	3  'I '  115666.3524506476387614
    1     1     3.1170250566274138     3.1170250566274138     3.1170250566274138
    2     2     0.0000000000000002     0.0000000000000002     0.0000000000000002
    3     3     3.1170250566274138     0.0000000000000002     0.0000000000000002
    4     3     0.0000000000000002     0.0000000000000002     3.1170250566274138
    5     3     0.0000000000000002     3.1170250566274138     0.0000000000000002

     Dynamical Matrix in cartesian axes

     q = (     0.000000000000     0.000000000000     0.000000000000 )

    1    1
     0.0102893493725042     0.0000000000000000        0.0000000000000000     0.0000000000000000        0.0000000000000000     0.0000000000000000
     0.0000000000000000     0.0000000000000000        0.0102893493725042     0.0000000000000000        0.0000000000000000     0.0000000000000000
     0.0000000000000000     0.0000000000000000        0.0000000000000000     0.0000000000000000        0.0102893493725042     0.0000000000000000
    1    2
    -0.0028297549916688     0.0000000000000000        0.0000000000000000     0.0000000000000000        0.0000000000000000     0.0000000000000000
     0.0000000000000000     0.0000000000000000       -0.0028297549916688     0.0000000000000000        0.0000000000000000     0.0000000000000000
     0.0000000000000000     0.0000000000000000        0.0000000000000000     0.0000000000000000       -0.0028297549916688     0.0000000000000000
    1    3
    -0.0006835970382310     0.0000000000000000        0.0000000000000000     0.0000000000000000        0.0000000000000000     0.0000000000000000
     0.0000000000000000     0.0000000000000000       -0.0033879986713022     0.0000000000000000        0.0000000000000000     0.0000000000000000
     0.0000000000000000     0.0000000000000000        0.0000000000000000     0.0000000000000000       -0.0033879986713022     0.0000000000000000
    1    4
    -0.0033879986713022     0.0000000000000000        0.0000000000000000     0.0000000000000000        0.0000000000000000     0.0000000000000000
     0.0000000000000000     0.0000000000000000       -0.0033879986713022     0.0000000000000000        0.0000000000000000     0.0000000000000000
     0.0000000000000000     0.0000000000000000        0.0000000000000000     0.0000000000000000       -0.0006835970382310     0.0000000000000000
    1    5
    -0.0033879986713022     0.0000000000000000        0.0000000000000000     0.0000000000000000        0.0000000000000000     0.0000000000000000
     0.0000000000000000     0.0000000000000000       -0.0006835970382310     0.0000000000000000        0.0000000000000000     0.0000000000000000
     0.0000000000000000     0.0000000000000000        0.0000000000000000     0.0000000000000000       -0.0033879986713022     0.0000000000000000
    2    1
    -0.0028297549916688     0.0000000000000000        0.0000000000000000     0.0000000000000000        0.0000000000000000     0.0000000000000000
     0.0000000000000000     0.0000000000000000       -0.0028297549916688     0.0000000000000000        0.0000000000000000     0.0000000000000000
     0.0000000000000000     0.0000000000000000        0.0000000000000000     0.0000000000000000       -0.0028297549916688     0.0000000000000000
    2    2
     0.0497620966092490     0.0000000000000000        0.0000000000000000     0.0000000000000000        0.0000000000000000     0.0000000000000000
     0.0000000000000000     0.0000000000000000        0.0497620966092490     0.0000000000000000        0.0000000000000000     0.0000000000000000
     0.0000000000000000     0.0000000000000000        0.0000000000000000     0.0000000000000000        0.0497620966092490     0.0000000000000000
    2    3
    -0.0460276217349171     0.0000000000000000        0.0000000000000000     0.0000000000000000        0.0000000000000000     0.0000000000000000
     0.0000000000000000     0.0000000000000000       -0.0004523599413315     0.0000000000000000        0.0000000000000000     0.0000000000000000
     0.0000000000000000     0.0000000000000000        0.0000000000000000     0.0000000000000000       -0.0004523599413315     0.0000000000000000
    2    4
    -0.0004523599413315     0.0000000000000000        0.0000000000000000     0.0000000000000000        0.0000000000000000     0.0000000000000000
     0.0000000000000000     0.0000000000000000       -0.0004523599413315     0.0000000000000000        0.0000000000000000     0.0000000000000000
     0.0000000000000000     0.0000000000000000        0.0000000000000000     0.0000000000000000       -0.0460276217349171     0.0000000000000000
    2    5
    -0.0004523599413315     0.0000000000000000        0.0000000000000000     0.0000000000000000        0.0000000000000000     0.0000000000000000
     0.0000000000000000     0.0000000000000000       -0.0460276217349171     0.0000000000000000        0.0000000000000000     0.0000000000000000
     0.0000000000000000     0.0000000000000000        0.0000000000000000     0.0000000000000000       -0.0004523599413315     0.0000000000000000
    3    1
    -0.0006835970382310     0.0000000000000000        0.0000000000000000     0.0000000000000000        0.0000000000000000     0.0000000000000000
     0.0000000000000000     0.0000000000000000       -0.0033879986713022     0.0000000000000000        0.0000000000000000     0.0000000000000000
     0.0000000000000000     0.0000000000000000        0.0000000000000000     0.0000000000000000       -0.0033879986713022     0.0000000000000000
    3    2
    -0.0460276217349171     0.0000000000000000        0.0000000000000000     0.0000000000000000        0.0000000000000000     0.0000000000000000
     0.0000000000000000     0.0000000000000000       -0.0004523599413315     0.0000000000000000        0.0000000000000000     0.0000000000000000
     0.0000000000000000     0.0000000000000000        0.0000000000000000     0.0000000000000000       -0.0004523599413315     0.0000000000000000
    3    3
     0.0614878412988832     0.0000000000000000        0.0000000000000000     0.0000000000000000        0.0000000000000000     0.0000000000000000
     0.0000000000000000     0.0000000000000000        0.0104019436814753     0.0000000000000000        0.0000000000000000     0.0000000000000000
     0.0000000000000000     0.0000000000000000        0.0000000000000000     0.0000000000000000        0.0104019436814753     0.0000000000000000
    3    4
    -0.0073883112628676     0.0000000000000000        0.0000000000000000     0.0000000000000000        0.0000000000000000     0.0000000000000000
     0.0000000000000000     0.0000000000000000        0.0008267261940260     0.0000000000000000        0.0000000000000000     0.0000000000000000
     0.0000000000000000     0.0000000000000000        0.0000000000000000     0.0000000000000000       -0.0073883112628676     0.0000000000000000
    3    5
    -0.0073883112628676     0.0000000000000000        0.0000000000000000     0.0000000000000000        0.0000000000000000     0.0000000000000000
     0.0000000000000000     0.0000000000000000       -0.0073883112628676     0.0000000000000000        0.0000000000000000     0.0000000000000000
     0.0000000000000000     0.0000000000000000        0.0000000000000000     0.0000000000000000        0.0008267261940260     0.0000000000000000
    4    1
    -0.0033879986713022     0.0000000000000000        0.0000000000000000     0.0000000000000000        0.0000000000000000     0.0000000000000000
     0.0000000000000000     0.0000000000000000       -0.0033879986713022     0.0000000000000000        0.0000000000000000     0.0000000000000000
     0.0000000000000000     0.0000000000000000        0.0000000000000000     0.0000000000000000       -0.0006835970382310     0.0000000000000000
    4    2
    -0.0004523599413315     0.0000000000000000        0.0000000000000000     0.0000000000000000        0.0000000000000000     0.0000000000000000
     0.0000000000000000     0.0000000000000000       -0.0004523599413315     0.0000000000000000        0.0000000000000000     0.0000000000000000
     0.0000000000000000     0.0000000000000000        0.0000000000000000     0.0000000000000000       -0.0460276217349171     0.0000000000000000
    4    3
    -0.0073883112628676     0.0000000000000000        0.0000000000000000     0.0000000000000000        0.0000000000000000     0.0000000000000000
     0.0000000000000000     0.0000000000000000        0.0008267261940260     0.0000000000000000        0.0000000000000000     0.0000000000000000
     0.0000000000000000     0.0000000000000000        0.0000000000000000     0.0000000000000000       -0.0073883112628676     0.0000000000000000
    4    4
     0.0104019436814753     0.0000000000000000        0.0000000000000000     0.0000000000000000        0.0000000000000000     0.0000000000000000
     0.0000000000000000     0.0000000000000000        0.0104019436814753     0.0000000000000000        0.0000000000000000     0.0000000000000000
     0.0000000000000000     0.0000000000000000        0.0000000000000000     0.0000000000000000        0.0614878412988832     0.0000000000000000
    4    5
     0.0008267261940260     0.0000000000000000        0.0000000000000000     0.0000000000000000        0.0000000000000000     0.0000000000000000
     0.0000000000000000     0.0000000000000000       -0.0073883112628676     0.0000000000000000        0.0000000000000000     0.0000000000000000
     0.0000000000000000     0.0000000000000000        0.0000000000000000     0.0000000000000000       -0.0073883112628676     0.0000000000000000
    5    1
    -0.0033879986713022     0.0000000000000000        0.0000000000000000     0.0000000000000000        0.0000000000000000     0.0000000000000000
     0.0000000000000000     0.0000000000000000       -0.0006835970382310     0.0000000000000000        0.0000000000000000     0.0000000000000000
     0.0000000000000000     0.0000000000000000        0.0000000000000000     0.0000000000000000       -0.0033879986713022     0.0000000000000000
    5    2
    -0.0004523599413315     0.0000000000000000        0.0000000000000000     0.0000000000000000        0.0000000000000000     0.0000000000000000
     0.0000000000000000     0.0000000000000000       -0.0460276217349171     0.0000000000000000        0.0000000000000000     0.0000000000000000
     0.0000000000000000     0.0000000000000000        0.0000000000000000     0.0000000000000000       -0.0004523599413315     0.0000000000000000
    5    3
    -0.0073883112628676     0.0000000000000000        0.0000000000000000     0.0000000000000000        0.0000000000000000     0.0000000000000000
     0.0000000000000000     0.0000000000000000       -0.0073883112628676     0.0000000000000000        0.0000000000000000     0.0000000000000000
     0.0000000000000000     0.0000000000000000        0.0000000000000000     0.0000000000000000        0.0008267261940260     0.0000000000000000
    5    4
     0.0008267261940260     0.0000000000000000        0.0000000000000000     0.0000000000000000        0.0000000000000000     0.0000000000000000
     0.0000000000000000     0.0000000000000000       -0.0073883112628676     0.0000000000000000        0.0000000000000000     0.0000000000000000
     0.0000000000000000     0.0000000000000000        0.0000000000000000     0.0000000000000000       -0.0073883112628676     0.0000000000000000
    5    5
     0.0104019436814753     0.0000000000000000        0.0000000000000000     0.0000000000000000        0.0000000000000000     0.0000000000000000
     0.0000000000000000     0.0000000000000000        0.0614878412988832     0.0000000000000000        0.0000000000000000     0.0000000000000000
     0.0000000000000000     0.0000000000000000        0.0000000000000000     0.0000000000000000        0.0104019436814753     0.0000000000000000

     Diagonalizing the dynamical matrix

     q = (     0.000000000000     0.000000000000     0.000000000000 )

***************************************************************************
   freq (    1) =    -0.00000006 [THz] =    -0.00000197 [cm-1]
(   0.015922  0.000000  -0.402228  0.000000  -0.194831  0.000000 )
(   0.015922  0.000000  -0.402228  0.000000  -0.194831  0.000000 )
(   0.015922  0.000000  -0.402228  0.000000  -0.194831  0.000000 )
(   0.015922  0.000000  -0.402228  0.000000  -0.194831  0.000000 )
(   0.015922  0.000000  -0.402228  0.000000  -0.194831  0.000000 )
   freq (    2) =    -0.00000002 [THz] =    -0.00000074 [cm-1]
(   0.002054  0.000000  -0.194887  0.000000   0.402511  0.000000 )
(   0.002054  0.000000  -0.194887  0.000000   0.402511  0.000000 )
(   0.002054  0.000000  -0.194887  0.000000   0.402511  0.000000 )
(   0.002054  0.000000  -0.194887  0.000000   0.402511  0.000000 )
(   0.002054  0.000000  -0.194887  0.000000   0.402511  0.000000 )
   freq (    3) =     0.00000003 [THz] =     0.00000105 [cm-1]
(  -0.446925  0.000000  -0.015225  0.000000  -0.005092  0.000000 )
(  -0.446925  0.000000  -0.015225  0.000000  -0.005092  0.000000 )
(  -0.446925  0.000000  -0.015225  0.000000  -0.005092  0.000000 )
(  -0.446925  0.000000  -0.015225  0.000000  -0.005092  0.000000 )
(  -0.446925  0.000000  -0.015225  0.000000  -0.005092  0.000000 )
   freq (    4) =     0.94655549 [THz] =    31.57368798 [cm-1]
(  -0.000000  0.000000   0.000000  0.000000   0.000000  0.000000 )
(   0.000000  0.000000   0.000000  0.000000  -0.000000  0.000000 )
(   0.000000  0.000000  -0.554976  0.000000   0.433974  0.000000 )
(   0.060566  0.000000   0.554976  0.000000  -0.000000  0.000000 )
(  -0.060566  0.000000  -0.000000  0.000000  -0.433974  0.000000 )
   freq (    5) =     0.94655549 [THz] =    31.57368798 [cm-1]
(   0.000000  0.000000  -0.000000  0.000000   0.000000  0.000000 )
(  -0.000000  0.000000   0.000000  0.000000  -0.000000  0.000000 )
(  -0.000000  0.000000   0.117552  0.000000   0.053301  0.000000 )
(   0.695227  0.000000  -0.117552  0.000000  -0.000000  0.000000 )
(  -0.695227  0.000000   0.000000  0.000000  -0.053301  0.000000 )
   freq (    6) =     0.94655549 [THz] =    31.57368798 [cm-1]
(   0.000000  0.000000  -0.000000  0.000000   0.000000  0.000000 )
(  -0.000000  0.000000   0.000000  0.000000  -0.000000  0.000000 )
(  -0.000000  0.000000  -0.422118  0.000000  -0.555720  0.000000 )
(   0.113979  0.000000   0.422118  0.000000   0.000000  0.000000 )
(  -0.113979  0.000000   0.000000  0.000000   0.555720  0.000000 )
   freq (    7) =     1.00543002 [THz] =    33.53753057 [cm-1]
(   0.001301  0.000000  -0.779361  0.000000  -0.276735  0.000000 )
(  -0.000667  0.000000   0.399322  0.000000   0.141791  0.000000 )
(  -0.000548  0.000000  -0.081992  0.000000  -0.029114  0.000000 )
(   0.000137  0.000000  -0.081992  0.000000   0.116543  0.000000 )
(   0.000137  0.000000   0.328217  0.000000  -0.029114  0.000000 )
   freq (    8) =     1.00543002 [THz] =    33.53753057 [cm-1]
(   0.044900  0.000000   0.276394  0.000000  -0.778189  0.000000 )
(  -0.023005  0.000000  -0.141616  0.000000   0.398721  0.000000 )
(  -0.018909  0.000000   0.029078  0.000000  -0.081869  0.000000 )
(   0.004724  0.000000   0.029078  0.000000   0.327723  0.000000 )
(   0.004724  0.000000  -0.116399  0.000000  -0.081869  0.000000 )
   freq (    9) =     1.00543002 [THz] =    33.53753057 [cm-1]
(  -0.825815  0.000000   0.013800  0.000000  -0.042747  0.000000 )
(   0.423123  0.000000  -0.007071  0.000000   0.021902  0.000000 )
(   0.347780  0.000000   0.001452  0.000000  -0.004497  0.000000 )
(  -0.086879  0.000000   0.001452  0.000000   0.018002  0.000000 )
(  -0.086879  0.000000  -0.005812  0.000000  -0.004497  0.000000 )
   freq (   10) =     1.22509320 [THz] =    40.86470447 [cm-1]
(   0.000680  0.000000   0.429470  0.000000  -0.107508  0.000000 )
(   0.000509  0.000000   0.321265  0.000000  -0.080421  0.000000 )
(   0.000236  0.000000  -0.561747  0.000000   0.140620  0.000000 )
(  -0.000890  0.000000  -0.561747  0.000000  -0.037344  0.000000 )
(  -0.000890  0.000000   0.149179  0.000000   0.140620  0.000000 )
   freq (   11) =     1.22509320 [THz] =    40.86470447 [cm-1]
(  -0.357505  0.000000  -0.062880  0.000000  -0.253454  0.000000 )
(  -0.267432  0.000000  -0.047037  0.000000  -0.189596  0.000000 )
(  -0.124182  0.000000   0.082247  0.000000   0.331518  0.000000 )
(   0.467617  0.000000   0.082247  0.000000  -0.088039  0.000000 )
(   0.467617  0.000000  -0.021842  0.000000   0.331518  0.000000 )
   freq (   12) =     1.22509320 [THz] =    40.86470447 [cm-1]
(   0.261136  0.000000  -0.087204  0.000000  -0.346707  0.000000 )
(   0.195343  0.000000  -0.065233  0.000000  -0.259354  0.000000 )
(   0.090708  0.000000   0.114062  0.000000   0.453494  0.000000 )
(  -0.341567  0.000000   0.114062  0.000000  -0.120431  0.000000 )
(  -0.341567  0.000000  -0.030291  0.000000   0.453494  0.000000 )
   freq (   13) =     2.83965384 [THz] =    94.72064282 [cm-1]
(  -0.000000  0.000000  -0.013539  0.000000   0.007566  0.000000 )
(   0.000000  0.000000   0.391023  0.000000  -0.218522  0.000000 )
(  -0.000000  0.000000   0.074474  0.000000  -0.041620  0.000000 )
(   0.000000  0.000000   0.074474  0.000000   0.432101  0.000000 )
(  -0.000000  0.000000  -0.773201  0.000000  -0.041620  0.000000 )
   freq (   14) =     2.83965384 [THz] =    94.72064282 [cm-1]
(   0.000000  0.000000  -0.007566  0.000000  -0.013539  0.000000 )
(  -0.000000  0.000000   0.218522  0.000000   0.391023  0.000000 )
(   0.000000  0.000000   0.041620  0.000000   0.074474  0.000000 )
(  -0.000000  0.000000   0.041620  0.000000  -0.773201  0.000000 )
(   0.000000  0.000000  -0.432101  0.000000   0.074474  0.000000 )
   freq (   15) =     2.83965384 [THz] =    94.72064282 [cm-1]
(  -0.015509  0.000000  -0.000000  0.000000  -0.000000  0.000000 )
(   0.447940  0.000000   0.000000  0.000000   0.000000  0.000000 )
(  -0.885749  0.000000   0.000000  0.000000   0.000000  0.000000 )
(   0.085314  0.000000   0.000000  0.000000  -0.000000  0.000000 )
(   0.085314  0.000000  -0.000000  0.000000   0.000000  0.000000 )
***************************************************************************
