Dynamical matrix file
File generated with the CellConstructor by Lorenzo Monacelli
3 10 0     1.8897259890000000     0.0000000000000000     0.0000000000000000     0.0000000000000000     0.0000000000000000     0.0000000000000000
Basis vectors
    8.6591834536804502    -0.0000000000000909     0.0000000000000002
   -0.0000000000000911     8.6591834536804395    -0.0000000000000063
    0.0000000000000002    -0.0000000000000046     6.3572934269366588
	1  'Cs '  121135.9130928798404057
	2  'Pb '  188851.2534489461977500
	3  'I '  115666.3524506476387614
    1     1    -0.0000000000000504     4.3295917268402171     3.1786467134683258
    2     1     4.3295917268402206    -0.0000000000000464     3.1786467134683289
    3     2     4.3295917268401762     4.3295917268401745    -0.0000000000000029
    4     2    -0.0000000000000030     0.0000000000000003     0.0000000000000001
    5     3     1.6220992805218544     2.7074924463183185    -0.0000000000000020
    6     3     7.0370841731584974     5.9516910073620313    -0.0000000000000047
    7     3     5.9516910073620899     1.6220992805218228    -0.0000000000000010
    8     3     2.7074924463182604     7.0370841731585259    -0.0000000000000057
    9     3     4.3295917268401762     4.3295917268401709     3.1786467134683263
   10     3    -0.0000000000000026    -0.0000000000000012     3.1786467134683289

     Dynamical Matrix in cartesian axes

     q = (     0.000000000000     0.000000000000     0.000000000000 )

    1    1
     0.0104874403882946     0.0000000000000000       -0.0074110595631492     0.0000000000000000       -0.0000000000000000     0.0000000000000000
    -0.0074110595631492     0.0000000000000000        0.0104874403882946     0.0000000000000000        0.0000000000000000     0.0000000000000000
    -0.0000000000000000     0.0000000000000000        0.0000000000000000     0.0000000000000000        0.0204338398518561     0.0000000000000000
    1    2
    -0.0004219660769213     0.0000000000000000       -0.0000000000000000     0.0000000000000000        0.0000000000000000     0.0000000000000000
    -0.0000000000000000     0.0000000000000000       -0.0004219660769213     0.0000000000000000       -0.0000000000000000     0.0000000000000000
     0.0000000000000000     0.0000000000000000       -0.0000000000000000     0.0000000000000000        0.0003328252016026     0.0000000000000000
    1    3
    -0.0060017630590093     0.0000000000000000       -0.0011473942063135     0.0000000000000000       -0.0000000000000000     0.0000000000000000
     0.0001613437734070     0.0000000000000000        0.0004626932666898     0.0000000000000000       -0.0000000000000000     0.0000000000000000
     0.0000000000000000     0.0000000000000000       -0.0000000000000000     0.0000000000000000       -0.0012517069357264     0.0000000000000000
    1    4
     0.0004626932666898     0.0000000000000000        0.0001613437734070     0.0000000000000000        0.0000000000000000     0.0000000000000000
    -0.0011473942063135     0.0000000000000000       -0.0060017630590093     0.0000000000000000       -0.0000000000000000     0.0000000000000000
    -0.0000000000000000     0.0000000000000000       -0.0000000000000000     0.0000000000000000       -0.0012517069357264     0.0000000000000000
    1    5
    -0.0020655978787839     0.0000000000000000        0.0033393056175166     0.0000000000000000        0.0000000000000000     0.0000000000000000
     0.0033393056175166     0.0000000000000000       -0.0020655978787839     0.0000000000000000       -0.0000000000000000     0.0000000000000000
     0.0000000000000000     0.0000000000000000       -0.0000000000000000     0.0000000000000000       -0.0089627246258128     0.0000000000000000
    1    6
    -0.0020655978787839     0.0000000000000000        0.0033393056175166     0.0000000000000000        0.0000000000000000     0.0000000000000000
     0.0033393056175166     0.0000000000000000       -0.0020655978787839     0.0000000000000000       -0.0000000000000000     0.0000000000000000
     0.0000000000000000     0.0000000000000000       -0.0000000000000000     0.0000000000000000       -0.0089627246258128     0.0000000000000000
    1    7
     0.0011114843721779     0.0000000000000000        0.0005335672185861     0.0000000000000000        0.0000000000000000     0.0000000000000000
     0.0005335672185861     0.0000000000000000        0.0011114843721779     0.0000000000000000        0.0000000000000000     0.0000000000000000
     0.0000000000000000     0.0000000000000000        0.0000000000000000     0.0000000000000000        0.0006064327926441     0.0000000000000000
    1    8
     0.0011114843721779     0.0000000000000000        0.0005335672185861     0.0000000000000000        0.0000000000000000     0.0000000000000000
     0.0005335672185861     0.0000000000000000        0.0011114843721779     0.0000000000000000        0.0000000000000000     0.0000000000000000
     0.0000000000000000     0.0000000000000000        0.0000000000000000     0.0000000000000000        0.0006064327926441     0.0000000000000000
    1    9
    -0.0017404120815956     0.0000000000000000        0.0001165948885496     0.0000000000000000        0.0000000000000000     0.0000000000000000
     0.0005347694353007     0.0000000000000000       -0.0008777654242461     0.0000000000000000       -0.0000000000000000     0.0000000000000000
     0.0000000000000000     0.0000000000000000       -0.0000000000000000     0.0000000000000000       -0.0007753337578342     0.0000000000000000
    1   10
    -0.0008777654242461     0.0000000000000000        0.0005347694353007     0.0000000000000000        0.0000000000000000     0.0000000000000000
     0.0001165948885496     0.0000000000000000       -0.0017404120815956     0.0000000000000000       -0.0000000000000000     0.0000000000000000
     0.0000000000000000     0.0000000000000000       -0.0000000000000000     0.0000000000000000       -0.0007753337578342     0.0000000000000000
    2    1
    -0.0004219660769213     0.0000000000000000       -0.0000000000000000     0.0000000000000000        0.0000000000000000     0.0000000000000000
    -0.0000000000000000     0.0000000000000000       -0.0004219660769213     0.0000000000000000       -0.0000000000000000     0.0000000000000000
     0.0000000000000000     0.0000000000000000       -0.0000000000000000     0.0000000000000000        0.0003328252016026     0.0000000000000000
    2    2
     0.0104874403882949     0.0000000000000000        0.0074110595631496     0.0000000000000000        0.0000000000000000     0.0000000000000000
     0.0074110595631496     0.0000000000000000        0.0104874403882949     0.0000000000000000        0.0000000000000000     0.0000000000000000
     0.0000000000000000     0.0000000000000000        0.0000000000000000     0.0000000000000000        0.0204338398518561     0.0000000000000000
    2    3
     0.0004626932666898     0.0000000000000000       -0.0001613437734072     0.0000000000000000       -0.0000000000000000     0.0000000000000000
     0.0011473942063134     0.0000000000000000       -0.0060017630590093     0.0000000000000000       -0.0000000000000000     0.0000000000000000
     0.0000000000000000     0.0000000000000000       -0.0000000000000000     0.0000000000000000       -0.0012517069357264     0.0000000000000000
    2    4
    -0.0060017630590093     0.0000000000000000        0.0011473942063134     0.0000000000000000        0.0000000000000000     0.0000000000000000
    -0.0001613437734072     0.0000000000000000        0.0004626932666898     0.0000000000000000       -0.0000000000000000     0.0000000000000000
     0.0000000000000000     0.0000000000000000       -0.0000000000000000     0.0000000000000000       -0.0012517069357264     0.0000000000000000
    2    5
     0.0011114843721779     0.0000000000000000       -0.0005335672185860     0.0000000000000000       -0.0000000000000000     0.0000000000000000
    -0.0005335672185860     0.0000000000000000        0.0011114843721779     0.0000000000000000        0.0000000000000000     0.0000000000000000
    -0.0000000000000000     0.0000000000000000        0.0000000000000000     0.0000000000000000        0.0006064327926441     0.0000000000000000
    2    6
     0.0011114843721779     0.0000000000000000       -0.0005335672185860     0.0000000000000000       -0.0000000000000000     0.0000000000000000
    -0.0005335672185860     0.0000000000000000        0.0011114843721779     0.0000000000000000        0.0000000000000000     0.0000000000000000
    -0.0000000000000000     0.0000000000000000        0.0000000000000000     0.0000000000000000        0.0006064327926441     0.0000000000000000
    2    7
    -0.0020655978787841     0.0000000000000000       -0.0033393056175167     0.0000000000000000       -0.0000000000000000     0.0000000000000000
    -0.0033393056175167     0.0000000000000000       -0.0020655978787841     0.0000000000000000       -0.0000000000000000     0.0000000000000000
    -0.0000000000000000     0.0000000000000000       -0.0000000000000000     0.0000000000000000       -0.0089627246258128     0.0000000000000000
    2    8
    -0.0020655978787841     0.0000000000000000       -0.0033393056175167     0.0000000000000000       -0.0000000000000000     0.0000000000000000
    -0.0033393056175167     0.0000000000000000       -0.0020655978787841     0.0000000000000000       -0.0000000000000000     0.0000000000000000
    -0.0000000000000000     0.0000000000000000       -0.0000000000000000     0.0000000000000000       -0.0089627246258128     0.0000000000000000
    2    9
    -0.0008777654242461     0.0000000000000000       -0.0005347694353008     0.0000000000000000       -0.0000000000000000     0.0000000000000000
    -0.0001165948885497     0.0000000000000000       -0.0017404120815956     0.0000000000000000       -0.0000000000000000     0.0000000000000000
    -0.0000000000000000     0.0000000000000000       -0.0000000000000000     0.0000000000000000       -0.0007753337578342     0.0000000000000000
    2   10
    -0.0017404120815956     0.0000000000000000       -0.0001165948885497     0.0000000000000000       -0.0000000000000000     0.0000000000000000
    -0.0005347694353008     0.0000000000000000       -0.0008777654242461     0.0000000000000000       -0.0000000000000000     0.0000000000000000
    -0.0000000000000000     0.0000000000000000       -0.0000000000000000     0.0000000000000000       -0.0007753337578342     0.0000000000000000
    3    1
    -0.0060017630590093     0.0000000000000000        0.0001613437734070     0.0000000000000000        0.0000000000000000     0.0000000000000000
    -0.0011473942063135     0.0000000000000000        0.0004626932666898     0.0000000000000000       -0.0000000000000000     0.0000000000000000
    -0.0000000000000000     0.0000000000000000       -0.0000000000000000     0.0000000000000000       -0.0012517069357264     0.0000000000000000
    3    2
     0.0004626932666898     0.0000000000000000        0.0011473942063134     0.0000000000000000        0.0000000000000000     0.0000000000000000
    -0.0001613437734072     0.0000000000000000       -0.0060017630590093     0.0000000000000000       -0.0000000000000000     0.0000000000000000
    -0.0000000000000000     0.0000000000000000       -0.0000000000000000     0.0000000000000000       -0.0012517069357264     0.0000000000000000
    3    3
     0.0636250141044519     0.0000000000000000        0.0000000000000013     0.0000000000000000       -0.0000000000000000     0.0000000000000000
     0.0000000000000013     0.0000000000000000        0.0636250141044520     0.0000000000000000        0.0000000000000001     0.0000000000000000
    -0.0000000000000000     0.0000000000000000        0.0000000000000001     0.0000000000000000        0.0390539285478084     0.0000000000000000
    3    4
    -0.0109820942568953     0.0000000000000000       -0.0067585653797542     0.0000000000000000       -0.0000000000000000     0.0000000000000000
     0.0067585653797537     0.0000000000000000       -0.0109820942568953     0.0000000000000000       -0.0000000000000000     0.0000000000000000
     0.0000000000000000     0.0000000000000000       -0.0000000000000000     0.0000000000000000       -0.0010074597115917     0.0000000000000000
    3    5
    -0.0176222032409793     0.0000000000000000       -0.0084024314598485     0.0000000000000000       -0.0000000000000000     0.0000000000000000
    -0.0102705157715015     0.0000000000000000       -0.0051577853116152     0.0000000000000000       -0.0000000000000000     0.0000000000000000
    -0.0000000000000000     0.0000000000000000       -0.0000000000000000     0.0000000000000000       -0.0009682186681062     0.0000000000000000
    3    6
    -0.0176222032409793     0.0000000000000000       -0.0084024314598485     0.0000000000000000       -0.0000000000000000     0.0000000000000000
    -0.0102705157715015     0.0000000000000000       -0.0051577853116152     0.0000000000000000       -0.0000000000000000     0.0000000000000000
    -0.0000000000000000     0.0000000000000000       -0.0000000000000000     0.0000000000000000       -0.0009682186681062     0.0000000000000000
    3    7
    -0.0051577853116148     0.0000000000000000        0.0102705157715010     0.0000000000000000        0.0000000000000000     0.0000000000000000
     0.0084024314598480     0.0000000000000000       -0.0176222032409789     0.0000000000000000       -0.0000000000000000     0.0000000000000000
     0.0000000000000000     0.0000000000000000       -0.0000000000000000     0.0000000000000000       -0.0009682186681062     0.0000000000000000
    3    8
    -0.0051577853116148     0.0000000000000000        0.0102705157715010     0.0000000000000000        0.0000000000000000     0.0000000000000000
     0.0084024314598480     0.0000000000000000       -0.0176222032409789     0.0000000000000000       -0.0000000000000000     0.0000000000000000
     0.0000000000000000     0.0000000000000000       -0.0000000000000000     0.0000000000000000       -0.0009682186681062     0.0000000000000000
    3    9
    -0.0035439097556984     0.0000000000000000       -0.0000005954645249     0.0000000000000000        0.0000000000000000     0.0000000000000000
     0.0000005954645247     0.0000000000000000       -0.0035439097556984     0.0000000000000000       -0.0000000000000000     0.0000000000000000
     0.0000000000000000     0.0000000000000000       -0.0000000000000000     0.0000000000000000       -0.0326605833852465     0.0000000000000000
    3   10
     0.0020000368056494     0.0000000000000000        0.0017142542412522     0.0000000000000000        0.0000000000000000     0.0000000000000000
    -0.0017142542412521     0.0000000000000000        0.0020000368056494     0.0000000000000000        0.0000000000000000     0.0000000000000000
    -0.0000000000000000     0.0000000000000000        0.0000000000000000     0.0000000000000000        0.0009904030929076     0.0000000000000000
    4    1
     0.0004626932666898     0.0000000000000000       -0.0011473942063135     0.0000000000000000       -0.0000000000000000     0.0000000000000000
     0.0001613437734070     0.0000000000000000       -0.0060017630590093     0.0000000000000000       -0.0000000000000000     0.0000000000000000
     0.0000000000000000     0.0000000000000000       -0.0000000000000000     0.0000000000000000       -0.0012517069357264     0.0000000000000000
    4    2
    -0.0060017630590093     0.0000000000000000       -0.0001613437734072     0.0000000000000000        0.0000000000000000     0.0000000000000000
     0.0011473942063134     0.0000000000000000        0.0004626932666898     0.0000000000000000       -0.0000000000000000     0.0000000000000000
     0.0000000000000000     0.0000000000000000       -0.0000000000000000     0.0000000000000000       -0.0012517069357264     0.0000000000000000
    4    3
    -0.0109820942568953     0.0000000000000000        0.0067585653797537     0.0000000000000000        0.0000000000000000     0.0000000000000000
    -0.0067585653797542     0.0000000000000000       -0.0109820942568953     0.0000000000000000       -0.0000000000000000     0.0000000000000000
    -0.0000000000000000     0.0000000000000000       -0.0000000000000000     0.0000000000000000       -0.0010074597115917     0.0000000000000000
    4    4
     0.0636250141044519     0.0000000000000000        0.0000000000000013     0.0000000000000000       -0.0000000000000000     0.0000000000000000
     0.0000000000000013     0.0000000000000000        0.0636250141044520     0.0000000000000000        0.0000000000000001     0.0000000000000000
    -0.0000000000000000     0.0000000000000000        0.0000000000000001     0.0000000000000000        0.0390539285478084     0.0000000000000000
    4    5
    -0.0051577853116152     0.0000000000000000       -0.0102705157715015     0.0000000000000000       -0.0000000000000000     0.0000000000000000
    -0.0084024314598485     0.0000000000000000       -0.0176222032409793     0.0000000000000000       -0.0000000000000000     0.0000000000000000
    -0.0000000000000000     0.0000000000000000       -0.0000000000000000     0.0000000000000000       -0.0009682186681062     0.0000000000000000
    4    6
    -0.0051577853116152     0.0000000000000000       -0.0102705157715015     0.0000000000000000       -0.0000000000000000     0.0000000000000000
    -0.0084024314598485     0.0000000000000000       -0.0176222032409793     0.0000000000000000       -0.0000000000000000     0.0000000000000000
    -0.0000000000000000     0.0000000000000000       -0.0000000000000000     0.0000000000000000       -0.0009682186681062     0.0000000000000000
    4    7
    -0.0176222032409789     0.0000000000000000        0.0084024314598480     0.0000000000000000        0.0000000000000000     0.0000000000000000
     0.0102705157715010     0.0000000000000000       -0.0051577853116148     0.0000000000000000       -0.0000000000000000     0.0000000000000000
     0.0000000000000000     0.0000000000000000       -0.0000000000000000     0.0000000000000000       -0.0009682186681062     0.0000000000000000
    4    8
    -0.0176222032409789     0.0000000000000000        0.0084024314598480     0.0000000000000000        0.0000000000000000     0.0000000000000000
     0.0102705157715010     0.0000000000000000       -0.0051577853116148     0.0000000000000000       -0.0000000000000000     0.0000000000000000
     0.0000000000000000     0.0000000000000000       -0.0000000000000000     0.0000000000000000       -0.0009682186681062     0.0000000000000000
    4    9
     0.0020000368056494     0.0000000000000000       -0.0017142542412521     0.0000000000000000       -0.0000000000000000     0.0000000000000000
     0.0017142542412522     0.0000000000000000        0.0020000368056494     0.0000000000000000        0.0000000000000000     0.0000000000000000
     0.0000000000000000     0.0000000000000000        0.0000000000000000     0.0000000000000000        0.0009904030929076     0.0000000000000000
    4   10
    -0.0035439097556984     0.0000000000000000        0.0000005954645247     0.0000000000000000        0.0000000000000000     0.0000000000000000
    -0.0000005954645249     0.0000000000000000       -0.0035439097556984     0.0000000000000000       -0.0000000000000000     0.0000000000000000
     0.0000000000000000     0.0000000000000000       -0.0000000000000000     0.0000000000000000       -0.0326605833852465     0.0000000000000000
    5    1
    -0.0020655978787839     0.0000000000000000        0.0033393056175166     0.0000000000000000        0.0000000000000000     0.0000000000000000
     0.0033393056175166     0.0000000000000000       -0.0020655978787839     0.0000000000000000       -0.0000000000000000     0.0000000000000000
     0.0000000000000000     0.0000000000000000       -0.0000000000000000     0.0000000000000000       -0.0089627246258128     0.0000000000000000
    5    2
     0.0011114843721779     0.0000000000000000       -0.0005335672185860     0.0000000000000000       -0.0000000000000000     0.0000000000000000
    -0.0005335672185860     0.0000000000000000        0.0011114843721779     0.0000000000000000        0.0000000000000000     0.0000000000000000
    -0.0000000000000000     0.0000000000000000        0.0000000000000000     0.0000000000000000        0.0006064327926441     0.0000000000000000
    5    3
    -0.0176222032409793     0.0000000000000000       -0.0102705157715015     0.0000000000000000       -0.0000000000000000     0.0000000000000000
    -0.0084024314598485     0.0000000000000000       -0.0051577853116152     0.0000000000000000       -0.0000000000000000     0.0000000000000000
    -0.0000000000000000     0.0000000000000000       -0.0000000000000000     0.0000000000000000       -0.0009682186681062     0.0000000000000000
    5    4
    -0.0051577853116152     0.0000000000000000       -0.0084024314598485     0.0000000000000000       -0.0000000000000000     0.0000000000000000
    -0.0102705157715015     0.0000000000000000       -0.0176222032409793     0.0000000000000000       -0.0000000000000000     0.0000000000000000
    -0.0000000000000000     0.0000000000000000       -0.0000000000000000     0.0000000000000000       -0.0009682186681062     0.0000000000000000
    5    5
     0.0518544820926220     0.0000000000000000        0.0307191236241526     0.0000000000000000        0.0000000000000000     0.0000000000000000
     0.0307191236241526     0.0000000000000000        0.0518544820926222     0.0000000000000000        0.0000000000000000     0.0000000000000000
     0.0000000000000000     0.0000000000000000        0.0000000000000000     0.0000000000000000        0.0170046453940551     0.0000000000000000
    5    6
    -0.0170881561640553     0.0000000000000000       -0.0110689865770195     0.0000000000000000       -0.0000000000000000     0.0000000000000000
    -0.0110689865770195     0.0000000000000000       -0.0170881561640553     0.0000000000000000       -0.0000000000000000     0.0000000000000000
    -0.0000000000000000     0.0000000000000000       -0.0000000000000000     0.0000000000000000       -0.0006036266792533     0.0000000000000000
    5    7
    -0.0099238327722298     0.0000000000000000        0.0016144243794313     0.0000000000000000        0.0000000000000000     0.0000000000000000
    -0.0016144243794315     0.0000000000000000        0.0026824797108133     0.0000000000000000        0.0000000000000000     0.0000000000000000
    -0.0000000000000000     0.0000000000000000        0.0000000000000000     0.0000000000000000        0.0000908547215986     0.0000000000000000
    5    8
     0.0026824797108133     0.0000000000000000       -0.0016144243794315     0.0000000000000000       -0.0000000000000000     0.0000000000000000
     0.0016144243794313     0.0000000000000000       -0.0099238327722299     0.0000000000000000       -0.0000000000000000     0.0000000000000000
     0.0000000000000000     0.0000000000000000       -0.0000000000000000     0.0000000000000000        0.0000908547215986     0.0000000000000000
    5    9
    -0.0026017484050196     0.0000000000000000       -0.0014127606505132     0.0000000000000000       -0.0000000000000000     0.0000000000000000
    -0.0023701675642003     0.0000000000000000       -0.0011891224029302     0.0000000000000000       -0.0000000000000000     0.0000000000000000
    -0.0000000000000000     0.0000000000000000       -0.0000000000000000     0.0000000000000000       -0.0031449994943090     0.0000000000000000
    5   10
    -0.0011891224029302     0.0000000000000000       -0.0023701675642003     0.0000000000000000       -0.0000000000000000     0.0000000000000000
    -0.0014127606505132     0.0000000000000000       -0.0026017484050196     0.0000000000000000       -0.0000000000000000     0.0000000000000000
    -0.0000000000000000     0.0000000000000000       -0.0000000000000000     0.0000000000000000       -0.0031449994943090     0.0000000000000000
    6    1
    -0.0020655978787839     0.0000000000000000        0.0033393056175166     0.0000000000000000        0.0000000000000000     0.0000000000000000
     0.0033393056175166     0.0000000000000000       -0.0020655978787839     0.0000000000000000       -0.0000000000000000     0.0000000000000000
     0.0000000000000000     0.0000000000000000       -0.0000000000000000     0.0000000000000000       -0.0089627246258128     0.0000000000000000
    6    2
     0.0011114843721779     0.0000000000000000       -0.0005335672185860     0.0000000000000000       -0.0000000000000000     0.0000000000000000
    -0.0005335672185860     0.0000000000000000        0.0011114843721779     0.0000000000000000        0.0000000000000000     0.0000000000000000
    -0.0000000000000000     0.0000000000000000        0.0000000000000000     0.0000000000000000        0.0006064327926441     0.0000000000000000
    6    3
    -0.0176222032409793     0.0000000000000000       -0.0102705157715015     0.0000000000000000       -0.0000000000000000     0.0000000000000000
    -0.0084024314598485     0.0000000000000000       -0.0051577853116152     0.0000000000000000       -0.0000000000000000     0.0000000000000000
    -0.0000000000000000     0.0000000000000000       -0.0000000000000000     0.0000000000000000       -0.0009682186681062     0.0000000000000000
    6    4
    -0.0051577853116152     0.0000000000000000       -0.0084024314598485     0.0000000000000000       -0.0000000000000000     0.0000000000000000
    -0.0102705157715015     0.0000000000000000       -0.0176222032409793     0.0000000000000000       -0.0000000000000000     0.0000000000000000
    -0.0000000000000000     0.0000000000000000       -0.0000000000000000     0.0000000000000000       -0.0009682186681062     0.0000000000000000
    6    5
    -0.0170881561640553     0.0000000000000000       -0.0110689865770195     0.0000000000000000       -0.0000000000000000     0.0000000000000000
    -0.0110689865770195     0.0000000000000000       -0.0170881561640553     0.0000000000000000       -0.0000000000000000     0.0000000000000000
    -0.0000000000000000     0.0000000000000000       -0.0000000000000000     0.0000000000000000       -0.0006036266792533     0.0000000000000000
    6    6
     0.0518544820926220     0.0000000000000000        0.0307191236241526     0.0000000000000000        0.0000000000000000     0.0000000000000000
     0.0307191236241526     0.0000000000000000        0.0518544820926222     0.0000000000000000        0.0000000000000000     0.0000000000000000
     0.0000000000000000     0.0000000000000000        0.0000000000000000     0.0000000000000000        0.0170046453940551     0.0000000000000000
    6    7
     0.0026824797108133     0.0000000000000000       -0.0016144243794315     0.0000000000000000       -0.0000000000000000     0.0000000000000000
     0.0016144243794313     0.0000000000000000       -0.0099238327722299     0.0000000000000000       -0.0000000000000000     0.0000000000000000
     0.0000000000000000     0.0000000000000000       -0.0000000000000000     0.0000000000000000        0.0000908547215986     0.0000000000000000
    6    8
    -0.0099238327722298     0.0000000000000000        0.0016144243794313     0.0000000000000000        0.0000000000000000     0.0000000000000000
    -0.0016144243794315     0.0000000000000000        0.0026824797108133     0.0000000000000000        0.0000000000000000     0.0000000000000000
    -0.0000000000000000     0.0000000000000000        0.0000000000000000     0.0000000000000000        0.0000908547215986     0.0000000000000000
    6    9
    -0.0026017484050196     0.0000000000000000       -0.0014127606505132     0.0000000000000000       -0.0000000000000000     0.0000000000000000
    -0.0023701675642003     0.0000000000000000       -0.0011891224029302     0.0000000000000000       -0.0000000000000000     0.0000000000000000
    -0.0000000000000000     0.0000000000000000       -0.0000000000000000     0.0000000000000000       -0.0031449994943090     0.0000000000000000
    6   10
    -0.0011891224029302     0.0000000000000000       -0.0023701675642003     0.0000000000000000       -0.0000000000000000     0.0000000000000000
    -0.0014127606505132     0.0000000000000000       -0.0026017484050196     0.0000000000000000       -0.0000000000000000     0.0000000000000000
    -0.0000000000000000     0.0000000000000000       -0.0000000000000000     0.0000000000000000       -0.0031449994943090     0.0000000000000000
    7    1
     0.0011114843721779     0.0000000000000000        0.0005335672185861     0.0000000000000000        0.0000000000000000     0.0000000000000000
     0.0005335672185861     0.0000000000000000        0.0011114843721779     0.0000000000000000        0.0000000000000000     0.0000000000000000
     0.0000000000000000     0.0000000000000000        0.0000000000000000     0.0000000000000000        0.0006064327926441     0.0000000000000000
    7    2
    -0.0020655978787841     0.0000000000000000       -0.0033393056175167     0.0000000000000000       -0.0000000000000000     0.0000000000000000
    -0.0033393056175167     0.0000000000000000       -0.0020655978787841     0.0000000000000000       -0.0000000000000000     0.0000000000000000
    -0.0000000000000000     0.0000000000000000       -0.0000000000000000     0.0000000000000000       -0.0089627246258128     0.0000000000000000
    7    3
    -0.0051577853116148     0.0000000000000000        0.0084024314598480     0.0000000000000000        0.0000000000000000     0.0000000000000000
     0.0102705157715010     0.0000000000000000       -0.0176222032409789     0.0000000000000000       -0.0000000000000000     0.0000000000000000
     0.0000000000000000     0.0000000000000000       -0.0000000000000000     0.0000000000000000       -0.0009682186681062     0.0000000000000000
    7    4
    -0.0176222032409789     0.0000000000000000        0.0102705157715010     0.0000000000000000        0.0000000000000000     0.0000000000000000
     0.0084024314598480     0.0000000000000000       -0.0051577853116148     0.0000000000000000       -0.0000000000000000     0.0000000000000000
     0.0000000000000000     0.0000000000000000       -0.0000000000000000     0.0000000000000000       -0.0009682186681062     0.0000000000000000
    7    5
    -0.0099238327722298     0.0000000000000000       -0.0016144243794315     0.0000000000000000       -0.0000000000000000     0.0000000000000000
     0.0016144243794313     0.0000000000000000        0.0026824797108133     0.0000000000000000        0.0000000000000000     0.0000000000000000
     0.0000000000000000     0.0000000000000000        0.0000000000000000     0.0000000000000000        0.0000908547215986     0.0000000000000000
    7    6
     0.0026824797108133     0.0000000000000000        0.0016144243794313     0.0000000000000000        0.0000000000000000     0.0000000000000000
    -0.0016144243794315     0.0000000000000000       -0.0099238327722299     0.0000000000000000       -0.0000000000000000     0.0000000000000000
    -0.0000000000000000     0.0000000000000000       -0.0000000000000000     0.0000000000000000        0.0000908547215986     0.0000000000000000
    7    7
     0.0518544820926208     0.0000000000000000       -0.0307191236241504     0.0000000000000000       -0.0000000000000000     0.0000000000000000
    -0.0307191236241504     0.0000000000000000        0.0518544820926209     0.0000000000000000        0.0000000000000001     0.0000000000000000
    -0.0000000000000000     0.0000000000000000        0.0000000000000001     0.0000000000000000        0.0170046453940551     0.0000000000000000
    7    8
    -0.0170881561640548     0.0000000000000000        0.0110689865770187     0.0000000000000000        0.0000000000000000     0.0000000000000000
     0.0110689865770187     0.0000000000000000       -0.0170881561640548     0.0000000000000000       -0.0000000000000000     0.0000000000000000
     0.0000000000000000     0.0000000000000000       -0.0000000000000000     0.0000000000000000       -0.0006036266792533     0.0000000000000000
    7    9
    -0.0011891224029301     0.0000000000000000        0.0023701675642002     0.0000000000000000        0.0000000000000000     0.0000000000000000
     0.0014127606505131     0.0000000000000000       -0.0026017484050195     0.0000000000000000       -0.0000000000000000     0.0000000000000000
     0.0000000000000000     0.0000000000000000       -0.0000000000000000     0.0000000000000000       -0.0031449994943090     0.0000000000000000
    7   10
    -0.0026017484050195     0.0000000000000000        0.0014127606505131     0.0000000000000000        0.0000000000000000     0.0000000000000000
     0.0023701675642002     0.0000000000000000       -0.0011891224029301     0.0000000000000000       -0.0000000000000000     0.0000000000000000
     0.0000000000000000     0.0000000000000000       -0.0000000000000000     0.0000000000000000       -0.0031449994943090     0.0000000000000000
    8    1
     0.0011114843721779     0.0000000000000000        0.0005335672185861     0.0000000000000000        0.0000000000000000     0.0000000000000000
     0.0005335672185861     0.0000000000000000        0.0011114843721779     0.0000000000000000        0.0000000000000000     0.0000000000000000
     0.0000000000000000     0.0000000000000000        0.0000000000000000     0.0000000000000000        0.0006064327926441     0.0000000000000000
    8    2
    -0.0020655978787841     0.0000000000000000       -0.0033393056175167     0.0000000000000000       -0.0000000000000000     0.0000000000000000
    -0.0033393056175167     0.0000000000000000       -0.0020655978787841     0.0000000000000000       -0.0000000000000000     0.0000000000000000
    -0.0000000000000000     0.0000000000000000       -0.0000000000000000     0.0000000000000000       -0.0089627246258128     0.0000000000000000
    8    3
    -0.0051577853116148     0.0000000000000000        0.0084024314598480     0.0000000000000000        0.0000000000000000     0.0000000000000000
     0.0102705157715010     0.0000000000000000       -0.0176222032409789     0.0000000000000000       -0.0000000000000000     0.0000000000000000
     0.0000000000000000     0.0000000000000000       -0.0000000000000000     0.0000000000000000       -0.0009682186681062     0.0000000000000000
    8    4
    -0.0176222032409789     0.0000000000000000        0.0102705157715010     0.0000000000000000        0.0000000000000000     0.0000000000000000
     0.0084024314598480     0.0000000000000000       -0.0051577853116148     0.0000000000000000       -0.0000000000000000     0.0000000000000000
     0.0000000000000000     0.0000000000000000       -0.0000000000000000     0.0000000000000000       -0.0009682186681062     0.0000000000000000
    8    5
     0.0026824797108133     0.0000000000000000        0.0016144243794313     0.0000000000000000        0.0000000000000000     0.0000000000000000
    -0.0016144243794315     0.0000000000000000       -0.0099238327722299     0.0000000000000000       -0.0000000000000000     0.0000000000000000
    -0.0000000000000000     0.0000000000000000       -0.0000000000000000     0.0000000000000000        0.0000908547215986     0.0000000000000000
    8    6
    -0.0099238327722298     0.0000000000000000       -0.0016144243794315     0.0000000000000000       -0.0000000000000000     0.0000000000000000
     0.0016144243794313     0.0000000000000000        0.0026824797108133     0.0000000000000000        0.0000000000000000     0.0000000000000000
     0.0000000000000000     0.0000000000000000        0.0000000000000000     0.0000000000000000        0.0000908547215986     0.0000000000000000
    8    7
    -0.0170881561640548     0.0000000000000000        0.0110689865770187     0.0000000000000000        0.0000000000000000     0.0000000000000000
     0.0110689865770187     0.0000000000000000       -0.0170881561640548     0.0000000000000000       -0.0000000000000000     0.0000000000000000
     0.0000000000000000     0.0000000000000000       -0.0000000000000000     0.0000000000000000       -0.0006036266792533     0.0000000000000000
    8    8
     0.0518544820926208     0.0000000000000000       -0.0307191236241504     0.0000000000000000       -0.0000000000000000     0.0000000000000000
    -0.0307191236241504     0.0000000000000000        0.0518544820926209     0.0000000000000000        0.0000000000000001     0.0000000000000000
    -0.0000000000000000     0.0000000000000000        0.0000000000000001     0.0000000000000000        0.0170046453940551     0.0000000000000000
    8    9
    -0.0011891224029301     0.0000000000000000        0.0023701675642002     0.0000000000000000        0.0000000000000000     0.0000000000000000
     0.0014127606505131     0.0000000000000000       -0.0026017484050195     0.0000000000000000       -0.0000000000000000     0.0000000000000000
     0.0000000000000000     0.0000000000000000       -0.0000000000000000     0.0000000000000000       -0.0031449994943090     0.0000000000000000
    8   10
    -0.0026017484050195     0.0000000000000000        0.0014127606505131     0.0000000000000000        0.0000000000000000     0.0000000000000000
     0.0023701675642002     0.0000000000000000       -0.0011891224029301     0.0000000000000000       -0.0000000000000000     0.0000000000000000
     0.0000000000000000     0.0000000000000000       -0.0000000000000000     0.0000000000000000       -0.0031449994943090     0.0000000000000000
    9    1
    -0.0017404120815956     0.0000000000000000        0.0005347694353007     0.0000000000000000        0.0000000000000000     0.0000000000000000
     0.0001165948885496     0.0000000000000000       -0.0008777654242461     0.0000000000000000       -0.0000000000000000     0.0000000000000000
     0.0000000000000000     0.0000000000000000       -0.0000000000000000     0.0000000000000000       -0.0007753337578342     0.0000000000000000
    9    2
    -0.0008777654242461     0.0000000000000000       -0.0001165948885497     0.0000000000000000       -0.0000000000000000     0.0000000000000000
    -0.0005347694353008     0.0000000000000000       -0.0017404120815956     0.0000000000000000       -0.0000000000000000     0.0000000000000000
    -0.0000000000000000     0.0000000000000000       -0.0000000000000000     0.0000000000000000       -0.0007753337578342     0.0000000000000000
    9    3
    -0.0035439097556984     0.0000000000000000        0.0000005954645247     0.0000000000000000        0.0000000000000000     0.0000000000000000
    -0.0000005954645249     0.0000000000000000       -0.0035439097556984     0.0000000000000000       -0.0000000000000000     0.0000000000000000
     0.0000000000000000     0.0000000000000000       -0.0000000000000000     0.0000000000000000       -0.0326605833852465     0.0000000000000000
    9    4
     0.0020000368056494     0.0000000000000000        0.0017142542412522     0.0000000000000000        0.0000000000000000     0.0000000000000000
    -0.0017142542412521     0.0000000000000000        0.0020000368056494     0.0000000000000000        0.0000000000000000     0.0000000000000000
    -0.0000000000000000     0.0000000000000000        0.0000000000000000     0.0000000000000000        0.0009904030929076     0.0000000000000000
    9    5
    -0.0026017484050196     0.0000000000000000       -0.0023701675642003     0.0000000000000000       -0.0000000000000000     0.0000000000000000
    -0.0014127606505132     0.0000000000000000       -0.0011891224029302     0.0000000000000000       -0.0000000000000000     0.0000000000000000
    -0.0000000000000000     0.0000000000000000       -0.0000000000000000     0.0000000000000000       -0.0031449994943090     0.0000000000000000
    9    6
    -0.0026017484050196     0.0000000000000000       -0.0023701675642003     0.0000000000000000       -0.0000000000000000     0.0000000000000000
    -0.0014127606505132     0.0000000000000000       -0.0011891224029302     0.0000000000000000       -0.0000000000000000     0.0000000000000000
    -0.0000000000000000     0.0000000000000000       -0.0000000000000000     0.0000000000000000       -0.0031449994943090     0.0000000000000000
    9    7
    -0.0011891224029301     0.0000000000000000        0.0014127606505131     0.0000000000000000        0.0000000000000000     0.0000000000000000
     0.0023701675642002     0.0000000000000000       -0.0026017484050195     0.0000000000000000       -0.0000000000000000     0.0000000000000000
     0.0000000000000000     0.0000000000000000       -0.0000000000000000     0.0000000000000000       -0.0031449994943090     0.0000000000000000
    9    8
    -0.0011891224029301     0.0000000000000000        0.0014127606505131     0.0000000000000000        0.0000000000000000     0.0000000000000000
     0.0023701675642002     0.0000000000000000       -0.0026017484050195     0.0000000000000000       -0.0000000000000000     0.0000000000000000
     0.0000000000000000     0.0000000000000000       -0.0000000000000000     0.0000000000000000       -0.0031449994943090     0.0000000000000000
    9    9
     0.0112564843023463     0.0000000000000000        0.0000000000000002     0.0000000000000000       -0.0000000000000000     0.0000000000000000
     0.0000000000000002     0.0000000000000000        0.0112564843023463     0.0000000000000000        0.0000000000000000     0.0000000000000000
    -0.0000000000000000     0.0000000000000000        0.0000000000000000     0.0000000000000000        0.0484470694945055     0.0000000000000000
    9   10
     0.0004873077694437     0.0000000000000000       -0.0002182104251539     0.0000000000000000       -0.0000000000000000     0.0000000000000000
     0.0002182104251539     0.0000000000000000        0.0004873077694437     0.0000000000000000       -0.0000000000000000     0.0000000000000000
     0.0000000000000000     0.0000000000000000       -0.0000000000000000     0.0000000000000000       -0.0026462237092623     0.0000000000000000
   10    1
    -0.0008777654242461     0.0000000000000000        0.0001165948885496     0.0000000000000000        0.0000000000000000     0.0000000000000000
     0.0005347694353007     0.0000000000000000       -0.0017404120815956     0.0000000000000000       -0.0000000000000000     0.0000000000000000
     0.0000000000000000     0.0000000000000000       -0.0000000000000000     0.0000000000000000       -0.0007753337578342     0.0000000000000000
   10    2
    -0.0017404120815956     0.0000000000000000       -0.0005347694353008     0.0000000000000000       -0.0000000000000000     0.0000000000000000
    -0.0001165948885497     0.0000000000000000       -0.0008777654242461     0.0000000000000000       -0.0000000000000000     0.0000000000000000
    -0.0000000000000000     0.0000000000000000       -0.0000000000000000     0.0000000000000000       -0.0007753337578342     0.0000000000000000
   10    3
     0.0020000368056494     0.0000000000000000       -0.0017142542412521     0.0000000000000000       -0.0000000000000000     0.0000000000000000
     0.0017142542412522     0.0000000000000000        0.0020000368056494     0.0000000000000000        0.0000000000000000     0.0000000000000000
     0.0000000000000000     0.0000000000000000        0.0000000000000000     0.0000000000000000        0.0009904030929076     0.0000000000000000
   10    4
    -0.0035439097556984     0.0000000000000000       -0.0000005954645249     0.0000000000000000        0.0000000000000000     0.0000000000000000
     0.0000005954645247     0.0000000000000000       -0.0035439097556984     0.0000000000000000       -0.0000000000000000     0.0000000000000000
     0.0000000000000000     0.0000000000000000       -0.0000000000000000     0.0000000000000000       -0.0326605833852465     0.0000000000000000
   10    5
    -0.0011891224029302     0.0000000000000000       -0.0014127606505132     0.0000000000000000       -0.0000000000000000     0.0000000000000000
    -0.0023701675642003     0.0000000000000000       -0.0026017484050196     0.0000000000000000       -0.0000000000000000     0.0000000000000000
    -0.0000000000000000     0.0000000000000000       -0.0000000000000000     0.0000000000000000       -0.0031449994943090     0.0000000000000000
   10    6
    -0.0011891224029302     0.0000000000000000       -0.0014127606505132     0.0000000000000000       -0.0000000000000000     0.0000000000000000
    -0.0023701675642003     0.0000000000000000       -0.0026017484050196     0.0000000000000000       -0.0000000000000000     0.0000000000000000
    -0.0000000000000000     0.0000000000000000       -0.0000000000000000     0.0000000000000000       -0.0031449994943090     0.0000000000000000
   10    7
    -0.0026017484050195     0.0000000000000000        0.0023701675642002     0.0000000000000000        0.0000000000000000     0.0000000000000000
     0.0014127606505131     0.0000000000000000       -0.0011891224029301     0.0000000000000000       -0.0000000000000000     0.0000000000000000
     0.0000000000000000     0.0000000000000000       -0.0000000000000000     0.0000000000000000       -0.0031449994943090     0.0000000000000000
   10    8
    -0.0026017484050195     0.0000000000000000        0.0023701675642002     0.0000000000000000        0.0000000000000000     0.0000000000000000
     0.0014127606505131     0.0000000000000000       -0.0011891224029301     0.0000000000000000       -0.0000000000000000     0.0000000000000000
     0.0000000000000000     0.0000000000000000       -0.0000000000000000     0.0000000000000000       -0.0031449994943090     0.0000000000000000
   10    9
     0.0004873077694437     0.0000000000000000        0.0002182104251539     0.0000000000000000        0.0000000000000000     0.0000000000000000
    -0.0002182104251539     0.0000000000000000        0.0004873077694437     0.0000000000000000       -0.0000000000000000     0.0000000000000000
    -0.0000000000000000     0.0000000000000000       -0.0000000000000000     0.0000000000000000       -0.0026462237092623     0.0000000000000000
   10   10
     0.0112564843023463     0.0000000000000000        0.0000000000000002     0.0000000000000000       -0.0000000000000000     0.0000000000000000
     0.0000000000000002     0.0000000000000000        0.0112564843023463     0.0000000000000000        0.0000000000000000     0.0000000000000000
    -0.0000000000000000     0.0000000000000000        0.0000000000000000     0.0000000000000000        0.0484470694945055     0.0000000000000000

     Diagonalizing the dynamical matrix

     q = (     0.000000000000     0.000000000000     0.000000000000 )

***************************************************************************
   freq (    1) =    -0.00000004 [THz] =    -0.00000144 [cm-1]
(   0.000000  0.000000   0.294634  0.000000   0.114851  0.000000 )
(  -0.000000  0.000000   0.294634  0.000000   0.114851  0.000000 )
(  -0.000000  0.000000   0.294634  0.000000   0.114851  0.000000 )
(  -0.000000  0.000000   0.294634  0.000000   0.114851  0.000000 )
(   0.000000  0.000000   0.294634  0.000000   0.114851  0.000000 )
(   0.000000  0.000000   0.294634  0.000000   0.114851  0.000000 )
(   0.000000  0.000000   0.294634  0.000000   0.114851  0.000000 )
(   0.000000  0.000000   0.294634  0.000000   0.114851  0.000000 )
(  -0.000000  0.000000   0.294634  0.000000   0.114851  0.000000 )
(  -0.000000  0.000000   0.294634  0.000000   0.114851  0.000000 )
   freq (    2) =    -0.00000004 [THz] =    -0.00000119 [cm-1]
(   0.000000  0.000000   0.114851  0.000000  -0.294634  0.000000 )
(  -0.000000  0.000000   0.114851  0.000000  -0.294634  0.000000 )
(   0.000000  0.000000   0.114851  0.000000  -0.294634  0.000000 )
(  -0.000000  0.000000   0.114851  0.000000  -0.294634  0.000000 )
(   0.000000  0.000000   0.114851  0.000000  -0.294634  0.000000 )
(   0.000000  0.000000   0.114851  0.000000  -0.294634  0.000000 )
(   0.000000  0.000000   0.114851  0.000000  -0.294634  0.000000 )
(   0.000000  0.000000   0.114851  0.000000  -0.294634  0.000000 )
(  -0.000000  0.000000   0.114851  0.000000  -0.294634  0.000000 )
(  -0.000000  0.000000   0.114851  0.000000  -0.294634  0.000000 )
   freq (    3) =     0.00000003 [THz] =     0.00000104 [cm-1]
(  -0.316228  0.000000   0.000000  0.000000  -0.000000  0.000000 )
(  -0.316228  0.000000  -0.000000  0.000000  -0.000000  0.000000 )
(  -0.316228  0.000000  -0.000000  0.000000  -0.000000  0.000000 )
(  -0.316228  0.000000  -0.000000  0.000000  -0.000000  0.000000 )
(  -0.316228  0.000000   0.000000  0.000000  -0.000000  0.000000 )
(  -0.316228  0.000000   0.000000  0.000000  -0.000000  0.000000 )
(  -0.316228  0.000000  -0.000000  0.000000  -0.000000  0.000000 )
(  -0.316228  0.000000  -0.000000  0.000000  -0.000000  0.000000 )
(  -0.316228  0.000000  -0.000000  0.000000  -0.000000  0.000000 )
(  -0.316228  0.000000  -0.000000  0.000000  -0.000000  0.000000 )
   freq (    4) =     0.31274388 [THz] =    10.43201150 [cm-1]
(   0.000000  0.000000   0.316086  0.000000   0.000000  0.000000 )
(   0.528819  0.000000  -0.616084  0.000000   0.000000  0.000000 )
(  -0.046702  0.000000  -0.097469  0.000000   0.000000  0.000000 )
(   0.059702  0.000000   0.090094  0.000000   0.000000  0.000000 )
(  -0.217769  0.000000   0.207644  0.000000   0.000000  0.000000 )
(  -0.217769  0.000000   0.207644  0.000000   0.000000  0.000000 )
(  -0.077061  0.000000  -0.040387  0.000000   0.000000  0.000000 )
(  -0.077061  0.000000  -0.040387  0.000000   0.000000  0.000000 )
(  -0.043450  0.000000  -0.093611  0.000000   0.000000  0.000000 )
(   0.058059  0.000000   0.085323  0.000000   0.000000  0.000000 )
   freq (    5) =     0.31274388 [THz] =    10.43201150 [cm-1]
(   0.616084  0.000000   0.528819  0.000000  -0.000000  0.000000 )
(  -0.316086  0.000000  -0.000000  0.000000  -0.000000  0.000000 )
(   0.097469  0.000000  -0.046702  0.000000  -0.000000  0.000000 )
(  -0.090094  0.000000   0.059702  0.000000  -0.000000  0.000000 )
(   0.040387  0.000000  -0.077061  0.000000   0.000000  0.000000 )
(   0.040387  0.000000  -0.077061  0.000000   0.000000  0.000000 )
(  -0.207644  0.000000  -0.217769  0.000000  -0.000000  0.000000 )
(  -0.207644  0.000000  -0.217769  0.000000  -0.000000  0.000000 )
(   0.093611  0.000000  -0.043450  0.000000  -0.000000  0.000000 )
(  -0.085323  0.000000   0.058059  0.000000  -0.000000  0.000000 )
   freq (    6) =     0.64159339 [THz] =    21.40124880 [cm-1]
(   0.000000  0.000000   0.000000  0.000000   0.465162  0.000000 )
(   0.000000  0.000000   0.000000  0.000000  -0.465162  0.000000 )
(  -0.000000  0.000000  -0.000000  0.000000  -0.000000  0.000000 )
(   0.000000  0.000000  -0.000000  0.000000  -0.000000  0.000000 )
(  -0.000000  0.000000  -0.000000  0.000000   0.376580  0.000000 )
(  -0.000000  0.000000  -0.000000  0.000000   0.376580  0.000000 )
(   0.000000  0.000000   0.000000  0.000000  -0.376580  0.000000 )
(  -0.000000  0.000000  -0.000000  0.000000  -0.376580  0.000000 )
(  -0.000000  0.000000  -0.000000  0.000000  -0.000000  0.000000 )
(   0.000000  0.000000  -0.000000  0.000000  -0.000000  0.000000 )
   freq (    7) =     0.87596942 [THz] =    29.21919062 [cm-1]
(  -0.362826  0.000000  -0.065541  0.000000   0.000000  0.000000 )
(  -0.356857  0.000000   0.000000  0.000000   0.000000  0.000000 )
(   0.148444  0.000000  -0.124435  0.000000   0.000000  0.000000 )
(   0.123525  0.000000   0.149203  0.000000  -0.000000  0.000000 )
(   0.012543  0.000000   0.193154  0.000000  -0.000000  0.000000 )
(   0.012543  0.000000   0.193154  0.000000  -0.000000  0.000000 )
(  -0.022722  0.000000  -0.194081  0.000000  -0.000000  0.000000 )
(  -0.022722  0.000000  -0.194081  0.000000   0.000000  0.000000 )
(   0.208291  0.000000  -0.460221  0.000000   0.000000  0.000000 )
(   0.121730  0.000000   0.490275  0.000000  -0.000000  0.000000 )
   freq (    8) =     0.87596942 [THz] =    29.21919062 [cm-1]
(  -0.000000  0.000000  -0.356857  0.000000   0.000000  0.000000 )
(   0.065541  0.000000  -0.362826  0.000000   0.000000  0.000000 )
(   0.124435  0.000000   0.148444  0.000000  -0.000000  0.000000 )
(  -0.149203  0.000000   0.123525  0.000000   0.000000  0.000000 )
(   0.194081  0.000000  -0.022722  0.000000   0.000000  0.000000 )
(   0.194081  0.000000  -0.022722  0.000000   0.000000  0.000000 )
(  -0.193154  0.000000   0.012543  0.000000   0.000000  0.000000 )
(  -0.193154  0.000000   0.012543  0.000000  -0.000000  0.000000 )
(   0.460221  0.000000   0.208291  0.000000  -0.000000  0.000000 )
(  -0.490275  0.000000   0.121730  0.000000   0.000000  0.000000 )
   freq (    9) =     0.88240355 [THz] =    29.43381001 [cm-1]
(  -0.000000  0.000000   0.000000  0.000000   0.000000  0.000000 )
(  -0.000000  0.000000   0.000000  0.000000   0.000000  0.000000 )
(   0.000000  0.000000  -0.000000  0.000000  -0.555731  0.000000 )
(   0.000000  0.000000   0.000000  0.000000   0.555731  0.000000 )
(  -0.000000  0.000000   0.000000  0.000000  -0.000000  0.000000 )
(  -0.000000  0.000000   0.000000  0.000000   0.000000  0.000000 )
(   0.000000  0.000000  -0.000000  0.000000   0.000000  0.000000 )
(   0.000000  0.000000  -0.000000  0.000000   0.000000  0.000000 )
(  -0.000000  0.000000  -0.000000  0.000000  -0.437223  0.000000 )
(   0.000000  0.000000   0.000000  0.000000   0.437223  0.000000 )
   freq (   10) =     1.06424991 [THz] =    35.49955065 [cm-1]
(   0.000000  0.000000   0.218812  0.000000  -0.000000  0.000000 )
(   0.105660  0.000000   0.242987  0.000000  -0.000000  0.000000 )
(  -0.066296  0.000000  -0.067433  0.000000   0.000000  0.000000 )
(   0.030378  0.000000  -0.089553  0.000000   0.000000  0.000000 )
(  -0.152715  0.000000   0.055436  0.000000  -0.000000  0.000000 )
(  -0.152715  0.000000   0.055436  0.000000  -0.000000  0.000000 )
(   0.196357  0.000000   0.135304  0.000000  -0.000000  0.000000 )
(   0.196357  0.000000   0.135304  0.000000  -0.000000  0.000000 )
(   0.418971  0.000000  -0.416197  0.000000   0.000000  0.000000 )
(  -0.558265  0.000000  -0.192604  0.000000   0.000000  0.000000 )
   freq (   11) =     1.06424991 [THz] =    35.49955065 [cm-1]
(   0.242987  0.000000  -0.105660  0.000000  -0.000000  0.000000 )
(   0.218812  0.000000  -0.000000  0.000000   0.000000  0.000000 )
(  -0.067433  0.000000   0.066296  0.000000  -0.000000  0.000000 )
(  -0.089553  0.000000  -0.030378  0.000000   0.000000  0.000000 )
(   0.135304  0.000000  -0.196357  0.000000   0.000000  0.000000 )
(   0.135304  0.000000  -0.196357  0.000000   0.000000  0.000000 )
(   0.055436  0.000000   0.152715  0.000000  -0.000000  0.000000 )
(   0.055436  0.000000   0.152715  0.000000   0.000000  0.000000 )
(  -0.416197  0.000000  -0.418971  0.000000  -0.000000  0.000000 )
(  -0.192604  0.000000   0.558265  0.000000  -0.000000  0.000000 )
   freq (   12) =     1.10967566 [THz] =    37.01479035 [cm-1]
(   0.000000  0.000000   0.000000  0.000000   0.392161  0.000000 )
(   0.000000  0.000000   0.000000  0.000000   0.392161  0.000000 )
(  -0.000000  0.000000  -0.000000  0.000000  -0.391487  0.000000 )
(   0.000000  0.000000  -0.000000  0.000000  -0.391487  0.000000 )
(  -0.000000  0.000000   0.000000  0.000000   0.247210  0.000000 )
(  -0.000000  0.000000   0.000000  0.000000   0.247210  0.000000 )
(   0.000000  0.000000   0.000000  0.000000   0.247210  0.000000 )
(   0.000000  0.000000   0.000000  0.000000   0.247210  0.000000 )
(   0.000000  0.000000  -0.000000  0.000000  -0.265936  0.000000 )
(  -0.000000  0.000000  -0.000000  0.000000  -0.265936  0.000000 )
   freq (   13) =     1.15361281 [THz] =    38.48037588 [cm-1]
(  -0.194054  0.000000   0.189914  0.000000   0.000000  0.000000 )
(  -0.039874  0.000000  -0.000000  0.000000  -0.000000  0.000000 )
(   0.160945  0.000000  -0.245432  0.000000  -0.000000  0.000000 )
(   0.273266  0.000000  -0.107080  0.000000  -0.000000  0.000000 )
(   0.045341  0.000000  -0.014516  0.000000   0.000000  0.000000 )
(   0.045341  0.000000  -0.014516  0.000000   0.000000  0.000000 )
(   0.151526  0.000000  -0.145310  0.000000   0.000000  0.000000 )
(   0.151526  0.000000  -0.145310  0.000000   0.000000  0.000000 )
(  -0.329708  0.000000   0.470269  0.000000  -0.000000  0.000000 )
(  -0.527982  0.000000   0.226043  0.000000  -0.000000  0.000000 )
   freq (   14) =     1.15361281 [THz] =    38.48037588 [cm-1]
(  -0.000000  0.000000   0.039874  0.000000   0.000000  0.000000 )
(   0.189914  0.000000   0.194054  0.000000   0.000000  0.000000 )
(  -0.245432  0.000000  -0.160945  0.000000  -0.000000  0.000000 )
(  -0.107080  0.000000  -0.273266  0.000000  -0.000000  0.000000 )
(  -0.145310  0.000000  -0.151526  0.000000   0.000000  0.000000 )
(  -0.145310  0.000000  -0.151526  0.000000   0.000000  0.000000 )
(  -0.014516  0.000000  -0.045341  0.000000   0.000000  0.000000 )
(  -0.014516  0.000000  -0.045341  0.000000   0.000000  0.000000 )
(   0.470269  0.000000   0.329708  0.000000  -0.000000  0.000000 )
(   0.226043  0.000000   0.527982  0.000000  -0.000000  0.000000 )
   freq (   15) =     1.28360123 [THz] =    42.81632214 [cm-1]
(   0.000000  0.000000  -0.000000  0.000000   0.000000  0.000000 )
(   0.000000  0.000000  -0.000000  0.000000   0.000000  0.000000 )
(  -0.000000  0.000000  -0.000000  0.000000  -0.000000  0.000000 )
(  -0.000000  0.000000  -0.000000  0.000000  -0.000000  0.000000 )
(  -0.000000  0.000000   0.000000  0.000000  -0.707053  0.000000 )
(   0.000000  0.000000  -0.000000  0.000000   0.707053  0.000000 )
(  -0.000000  0.000000  -0.000000  0.000000   0.008755  0.000000 )
(   0.000000  0.000000   0.000000  0.000000  -0.008755  0.000000 )
(   0.000000  0.000000   0.000000  0.000000  -0.000000  0.000000 )
(   0.000000  0.000000   0.000000  0.000000  -0.000000  0.000000 )
   freq (   16) =     1.28360123 [THz] =    42.81632214 [cm-1]
(   0.000000  0.000000  -0.000000  0.000000   0.000000  0.000000 )
(   0.000000  0.000000  -0.000000  0.000000   0.000000  0.000000 )
(  -0.000000  0.000000   0.000000  0.000000  -0.000000  0.000000 )
(  -0.000000  0.000000   0.000000  0.000000  -0.000000  0.000000 )
(  -0.000000  0.000000   0.000000  0.000000   0.008755  0.000000 )
(   0.000000  0.000000  -0.000000  0.000000  -0.008755  0.000000 )
(  -0.000000  0.000000  -0.000000  0.000000   0.707053  0.000000 )
(   0.000000  0.000000   0.000000  0.000000  -0.707053  0.000000 )
(  -0.000000  0.000000  -0.000000  0.000000  -0.000000  0.000000 )
(   0.000000  0.000000   0.000000  0.000000   0.000000  0.000000 )
   freq (   17) =     1.28973883 [THz] =    43.02105053 [cm-1]
(   0.000000  0.000000  -0.000000  0.000000   0.000000  0.000000 )
(  -0.000000  0.000000  -0.000000  0.000000   0.000000  0.000000 )
(   0.000000  0.000000   0.000000  0.000000  -0.000000  0.000000 )
(  -0.000000  0.000000   0.000000  0.000000  -0.000000  0.000000 )
(  -0.353553  0.000000   0.353553  0.000000   0.000000  0.000000 )
(   0.353553  0.000000  -0.353553  0.000000  -0.000000  0.000000 )
(  -0.353553  0.000000  -0.353553  0.000000  -0.000000  0.000000 )
(   0.353553  0.000000   0.353553  0.000000   0.000000  0.000000 )
(  -0.000000  0.000000   0.000000  0.000000  -0.000000  0.000000 )
(  -0.000000  0.000000  -0.000000  0.000000  -0.000000  0.000000 )
   freq (   18) =     1.48558711 [THz] =    49.55384498 [cm-1]
(   0.541974  0.000000  -0.542114  0.000000   0.000000  0.000000 )
(  -0.081644  0.000000   0.082566  0.000000  -0.000000  0.000000 )
(  -0.005268  0.000000  -0.137407  0.000000   0.000000  0.000000 )
(   0.137398  0.000000   0.005501  0.000000   0.000000  0.000000 )
(  -0.289435  0.000000   0.289467  0.000000  -0.000000  0.000000 )
(  -0.289435  0.000000   0.289467  0.000000  -0.000000  0.000000 )
(   0.018652  0.000000  -0.019144  0.000000   0.000000  0.000000 )
(   0.018652  0.000000  -0.019144  0.000000   0.000000  0.000000 )
(  -0.072149  0.000000   0.083992  0.000000  -0.000000  0.000000 )
(  -0.084115  0.000000   0.072006  0.000000  -0.000000  0.000000 )
   freq (   19) =     1.48558711 [THz] =    49.55384498 [cm-1]
(  -0.082566  0.000000  -0.081644  0.000000  -0.000000  0.000000 )
(   0.542114  0.000000   0.541974  0.000000  -0.000000  0.000000 )
(   0.137407  0.000000  -0.005268  0.000000   0.000000  0.000000 )
(  -0.005501  0.000000   0.137398  0.000000   0.000000  0.000000 )
(   0.019144  0.000000   0.018652  0.000000  -0.000000  0.000000 )
(   0.019144  0.000000   0.018652  0.000000  -0.000000  0.000000 )
(  -0.289467  0.000000  -0.289435  0.000000   0.000000  0.000000 )
(  -0.289467  0.000000  -0.289435  0.000000   0.000000  0.000000 )
(  -0.083992  0.000000  -0.072149  0.000000   0.000000  0.000000 )
(  -0.072006  0.000000  -0.084115  0.000000   0.000000  0.000000 )
   freq (   20) =     1.66593451 [THz] =    55.56958565 [cm-1]
(   0.000000  0.000000  -0.000000  0.000000  -0.520625  0.000000 )
(  -0.000000  0.000000  -0.000000  0.000000  -0.520625  0.000000 )
(  -0.000000  0.000000   0.000000  0.000000  -0.090723  0.000000 )
(   0.000000  0.000000   0.000000  0.000000  -0.090723  0.000000 )
(  -0.000000  0.000000   0.000000  0.000000   0.331510  0.000000 )
(  -0.000000  0.000000   0.000000  0.000000   0.331510  0.000000 )
(   0.000000  0.000000   0.000000  0.000000   0.331510  0.000000 )
(   0.000000  0.000000   0.000000  0.000000   0.331510  0.000000 )
(   0.000000  0.000000   0.000000  0.000000   0.030349  0.000000 )
(   0.000000  0.000000   0.000000  0.000000   0.030349  0.000000 )
   freq (   21) =     1.70351941 [THz] =    56.82328308 [cm-1]
(   0.000000  0.000000  -0.000000  0.000000  -0.521747  0.000000 )
(   0.000000  0.000000   0.000000  0.000000   0.521747  0.000000 )
(   0.000000  0.000000  -0.000000  0.000000   0.000000  0.000000 )
(   0.000000  0.000000   0.000000  0.000000   0.000000  0.000000 )
(  -0.000000  0.000000   0.000000  0.000000   0.337476  0.000000 )
(  -0.000000  0.000000   0.000000  0.000000   0.337476  0.000000 )
(  -0.000000  0.000000  -0.000000  0.000000  -0.337476  0.000000 )
(  -0.000000  0.000000   0.000000  0.000000  -0.337476  0.000000 )
(  -0.000000  0.000000   0.000000  0.000000   0.000000  0.000000 )
(   0.000000  0.000000   0.000000  0.000000   0.000000  0.000000 )
   freq (   22) =     1.84887875 [THz] =    61.67194777 [cm-1]
(   0.000000  0.000000  -0.000000  0.000000  -0.000000  0.000000 )
(   0.000000  0.000000   0.000000  0.000000   0.000000  0.000000 )
(   0.000000  0.000000  -0.000000  0.000000  -0.000000  0.000000 )
(  -0.000000  0.000000   0.000000  0.000000   0.000000  0.000000 )
(  -0.353553  0.000000   0.353553  0.000000   0.000000  0.000000 )
(   0.353553  0.000000  -0.353553  0.000000  -0.000000  0.000000 )
(   0.353553  0.000000   0.353553  0.000000   0.000000  0.000000 )
(  -0.353553  0.000000  -0.353553  0.000000  -0.000000  0.000000 )
(  -0.000000  0.000000   0.000000  0.000000  -0.000000  0.000000 )
(   0.000000  0.000000   0.000000  0.000000  -0.000000  0.000000 )
   freq (   23) =     2.19111409 [THz] =    73.08768851 [cm-1]
(  -0.016787  0.000000  -0.012996  0.000000   0.000000  0.000000 )
(   0.056475  0.000000   0.055467  0.000000   0.000000  0.000000 )
(   0.315851  0.000000  -0.569800  0.000000   0.000000  0.000000 )
(  -0.589860  0.000000   0.276585  0.000000  -0.000000  0.000000 )
(   0.006202  0.000000   0.018207  0.000000   0.000000  0.000000 )
(   0.006202  0.000000   0.018207  0.000000   0.000000  0.000000 )
(   0.176858  0.000000   0.177685  0.000000   0.000000  0.000000 )
(   0.176858  0.000000   0.177685  0.000000   0.000000  0.000000 )
(  -0.046080  0.000000   0.082848  0.000000  -0.000000  0.000000 )
(   0.085775  0.000000  -0.040371  0.000000   0.000000  0.000000 )
   freq (   24) =     2.19111409 [THz] =    73.08768851 [cm-1]
(   0.055467  0.000000  -0.056475  0.000000   0.000000  0.000000 )
(  -0.012996  0.000000   0.016787  0.000000   0.000000  0.000000 )
(  -0.569800  0.000000  -0.315851  0.000000   0.000000  0.000000 )
(   0.276585  0.000000   0.589860  0.000000  -0.000000  0.000000 )
(   0.177685  0.000000  -0.176858  0.000000  -0.000000  0.000000 )
(   0.177685  0.000000  -0.176858  0.000000  -0.000000  0.000000 )
(   0.018207  0.000000  -0.006202  0.000000  -0.000000  0.000000 )
(   0.018207  0.000000  -0.006202  0.000000  -0.000000  0.000000 )
(   0.082848  0.000000   0.046080  0.000000  -0.000000  0.000000 )
(  -0.040371  0.000000  -0.085775  0.000000   0.000000  0.000000 )
   freq (   25) =     2.42208161 [THz] =    80.79193450 [cm-1]
(   0.000000  0.000000  -0.000000  0.000000  -0.024078  0.000000 )
(   0.000000  0.000000  -0.000000  0.000000  -0.024078  0.000000 )
(  -0.000000  0.000000   0.000000  0.000000   0.305450  0.000000 )
(   0.000000  0.000000   0.000000  0.000000   0.305450  0.000000 )
(   0.000000  0.000000  -0.000000  0.000000   0.077180  0.000000 )
(   0.000000  0.000000   0.000000  0.000000   0.077180  0.000000 )
(  -0.000000  0.000000  -0.000000  0.000000   0.077180  0.000000 )
(  -0.000000  0.000000   0.000000  0.000000   0.077180  0.000000 )
(   0.000000  0.000000  -0.000000  0.000000  -0.627859  0.000000 )
(   0.000000  0.000000  -0.000000  0.000000  -0.627859  0.000000 )
   freq (   26) =     2.50961326 [THz] =    83.71167573 [cm-1]
(  -0.000000  0.000000   0.000000  0.000000  -0.000000  0.000000 )
(  -0.000000  0.000000  -0.000000  0.000000  -0.000000  0.000000 )
(   0.000000  0.000000   0.000000  0.000000   0.306952  0.000000 )
(   0.000000  0.000000  -0.000000  0.000000  -0.306952  0.000000 )
(  -0.000000  0.000000  -0.000000  0.000000   0.000000  0.000000 )
(  -0.000000  0.000000   0.000000  0.000000   0.000000  0.000000 )
(  -0.000000  0.000000   0.000000  0.000000   0.000000  0.000000 )
(  -0.000000  0.000000   0.000000  0.000000   0.000000  0.000000 )
(   0.000000  0.000000  -0.000000  0.000000  -0.637009  0.000000 )
(   0.000000  0.000000   0.000000  0.000000   0.637009  0.000000 )
   freq (   27) =     2.72819533 [THz] =    91.00278753 [cm-1]
(   0.025563  0.000000  -0.025331  0.000000  -0.000000  0.000000 )
(   0.035634  0.000000  -0.035468  0.000000   0.000000  0.000000 )
(  -0.158274  0.000000   0.293969  0.000000   0.000000  0.000000 )
(  -0.294996  0.000000   0.156352  0.000000   0.000000  0.000000 )
(  -0.049548  0.000000   0.052381  0.000000   0.000000  0.000000 )
(  -0.049548  0.000000   0.052381  0.000000   0.000000  0.000000 )
(   0.433830  0.000000  -0.434162  0.000000  -0.000000  0.000000 )
(   0.433830  0.000000  -0.434162  0.000000  -0.000000  0.000000 )
(  -0.031216  0.000000   0.061172  0.000000  -0.000000  0.000000 )
(  -0.061375  0.000000   0.030816  0.000000  -0.000000  0.000000 )
   freq (   28) =     2.72819533 [THz] =    91.00278753 [cm-1]
(  -0.035468  0.000000  -0.035634  0.000000   0.000000  0.000000 )
(  -0.025331  0.000000  -0.025563  0.000000  -0.000000  0.000000 )
(   0.293969  0.000000   0.158274  0.000000   0.000000  0.000000 )
(   0.156352  0.000000   0.294996  0.000000   0.000000  0.000000 )
(  -0.434162  0.000000  -0.433830  0.000000  -0.000000  0.000000 )
(  -0.434162  0.000000  -0.433830  0.000000  -0.000000  0.000000 )
(   0.052381  0.000000   0.049548  0.000000   0.000000  0.000000 )
(   0.052381  0.000000   0.049548  0.000000   0.000000  0.000000 )
(   0.061172  0.000000   0.031216  0.000000   0.000000  0.000000 )
(   0.030816  0.000000   0.061375  0.000000  -0.000000  0.000000 )
   freq (   29) =     2.97985247 [THz] =    99.39716508 [cm-1]
(   0.000000  0.000000   0.000000  0.000000  -0.000000  0.000000 )
(  -0.000000  0.000000   0.000000  0.000000  -0.000000  0.000000 )
(  -0.000000  0.000000  -0.000000  0.000000  -0.000000  0.000000 )
(   0.000000  0.000000  -0.000000  0.000000  -0.000000  0.000000 )
(   0.353553  0.000000   0.353553  0.000000   0.000000  0.000000 )
(  -0.353553  0.000000  -0.353553  0.000000  -0.000000  0.000000 )
(   0.353553  0.000000  -0.353553  0.000000  -0.000000  0.000000 )
(  -0.353553  0.000000   0.353553  0.000000   0.000000  0.000000 )
(   0.000000  0.000000  -0.000000  0.000000   0.000000  0.000000 )
(   0.000000  0.000000  -0.000000  0.000000  -0.000000  0.000000 )
   freq (   30) =     3.44136016 [THz] =   114.79140241 [cm-1]
(  -0.000000  0.000000   0.000000  0.000000  -0.000000  0.000000 )
(  -0.000000  0.000000   0.000000  0.000000  -0.000000  0.000000 )
(   0.000000  0.000000  -0.000000  0.000000  -0.000000  0.000000 )
(  -0.000000  0.000000   0.000000  0.000000   0.000000  0.000000 )
(  -0.353553  0.000000  -0.353553  0.000000  -0.000000  0.000000 )
(   0.353553  0.000000   0.353553  0.000000   0.000000  0.000000 )
(   0.353553  0.000000  -0.353553  0.000000  -0.000000  0.000000 )
(  -0.353553  0.000000   0.353553  0.000000   0.000000  0.000000 )
(   0.000000  0.000000   0.000000  0.000000   0.000000  0.000000 )
(   0.000000  0.000000  -0.000000  0.000000  -0.000000  0.000000 )
***************************************************************************
