Dynamical matrix file
File generated with the CellConstructor by Lorenzo Monacelli
3 10 0     1.8897259890000000     0.0000000000000000     0.0000000000000000     0.0000000000000000     0.0000000000000000     0.0000000000000000
Basis vectors
    8.6591834536804502    -0.0000000000000909     0.0000000000000002
   -0.0000000000000911     8.6591834536804395    -0.0000000000000063
    0.0000000000000002    -0.0000000000000046     6.3572934269366588
	1  'Cs '  121135.9130928798404057
	2  'Pb '  188851.2534489461977500
	3  'I '  115666.3524506476387614
    1     1    -0.0000000000000504     4.3295917268402171     3.1786467134683258
    2     1     4.3295917268402206    -0.0000000000000464     3.1786467134683289
    3     2     4.3295917268401762     4.3295917268401745    -0.0000000000000029
    4     2    -0.0000000000000030     0.0000000000000003     0.0000000000000001
    5     3     1.6220992805218544     2.7074924463183185    -0.0000000000000020
    6     3     7.0370841731584974     5.9516910073620313    -0.0000000000000047
    7     3     5.9516910073620899     1.6220992805218228    -0.0000000000000010
    8     3     2.7074924463182604     7.0370841731585259    -0.0000000000000057
    9     3     4.3295917268401762     4.3295917268401709     3.1786467134683263
   10     3    -0.0000000000000026    -0.0000000000000012     3.1786467134683289

     Dynamical Matrix in cartesian axes

     q = (     0.057742165029    -0.057742165029    -0.000000000000 )

    1    1
     0.0129501637328859     0.0000000000000000       -0.0078661014643063     0.0000000000000000       -0.0000000000000000     0.0000000000000000
    -0.0078661014643063     0.0000000000000000        0.0129501637328859     0.0000000000000000        0.0000000000000000     0.0000000000000000
    -0.0000000000000000     0.0000000000000000        0.0000000000000000     0.0000000000000000        0.0218824409232442     0.0000000000000000
    1    2
     0.0000000000000001    -0.0000000000000000        0.0024647455397584    -0.0000000002154564        0.0000000000000000    -0.0000000000000000
     0.0024647455397584    -0.0000000002154564        0.0000000000000001    -0.0000000000000000       -0.0000000000000000     0.0000000000000000
     0.0000000000000000    -0.0000000000000000       -0.0000000000000000     0.0000000000000000       -0.0000000000000000     0.0000000000000000
    1    3
    -0.0000000000000000     0.0000000000000000        0.0000000000000000     0.0000000000000000       -0.0000000000000000    -0.0000000000000000
    -0.0000000000000000     0.0000000000000000       -0.0000000000000000     0.0000000000000000       -0.0000000000000000    -0.0000000000000000
    -0.0000000000000000    -0.0000000000000000        0.0000000000000000     0.0000000000000000        0.0000000000000000     0.0000000000000000
    1    4
    -0.0000000000000000     0.0000000000000000       -0.0000000000000000     0.0000000000000000       -0.0000000000000000     0.0000000000000000
     0.0000000000000000     0.0000000000000000       -0.0000000000000000     0.0000000000000000        0.0000000000000000    -0.0000000000000000
    -0.0000000000000000     0.0000000000000000        0.0000000000000000    -0.0000000000000000        0.0000000000000000     0.0000000000000000
    1    5
    -0.0045216311037857     0.0000000001976298        0.0017769271165101    -0.0000000000776653        0.0000000000000000    -0.0000000000000000
     0.0017769271165101    -0.0000000000776653       -0.0045216311037858     0.0000000001976298       -0.0000000000000000     0.0000000000000000
     0.0000000000000000    -0.0000000000000000       -0.0000000000000000     0.0000000000000000       -0.0101183357347169     0.0000000004422486
    1    6
     0.0045216311037857    -0.0000000001976298       -0.0017769271165101     0.0000000000776653       -0.0000000000000000     0.0000000000000000
    -0.0017769271165101     0.0000000000776653        0.0045216311037858    -0.0000000001976298        0.0000000000000000    -0.0000000000000000
    -0.0000000000000000     0.0000000000000000        0.0000000000000000    -0.0000000000000000        0.0101183357347169    -0.0000000004422486
    1    7
    -0.0001418556812716     0.0000000000124004       -0.0016362292070973     0.0000000001430314       -0.0000000000000000     0.0000000000000000
    -0.0016362292070973     0.0000000001430314       -0.0001418556812716     0.0000000000124004       -0.0000000000000000     0.0000000000000000
    -0.0000000000000000     0.0000000000000000       -0.0000000000000000     0.0000000000000000       -0.0004405208250361     0.0000000000385083
    1    8
     0.0001418556812716    -0.0000000000000000        0.0016362292070973    -0.0000000000000000        0.0000000000000000    -0.0000000000000000
     0.0016362292070973    -0.0000000000000000        0.0001418556812716    -0.0000000000000000        0.0000000000000000    -0.0000000000000000
     0.0000000000000000    -0.0000000000000000        0.0000000000000000    -0.0000000000000000        0.0004405208250361    -0.0000000000000000
    1    9
     0.0000000000000000     0.0000000000000000       -0.0000000000000000     0.0000000000000000       -0.0000000000000000     0.0000000000000000
     0.0000000000000000    -0.0000000000000000        0.0000000000000000     0.0000000000000000       -0.0000000000000000    -0.0000000000000000
    -0.0000000000000000    -0.0000000000000000        0.0000000000000000    -0.0000000000000000       -0.0000000000000000    -0.0000000000000000
    1   10
     0.0000000000000000     0.0000000000000000        0.0000000000000000    -0.0000000000000000       -0.0000000000000000     0.0000000000000000
     0.0000000000000000     0.0000000000000000        0.0000000000000000     0.0000000000000000        0.0000000000000000     0.0000000000000000
    -0.0000000000000000     0.0000000000000000        0.0000000000000000     0.0000000000000000       -0.0000000000000000    -0.0000000000000000
    2    1
     0.0000000000000001     0.0000000000000000        0.0024647455397584     0.0000000002154564        0.0000000000000000     0.0000000000000000
     0.0024647455397584     0.0000000002154564        0.0000000000000001     0.0000000000000000       -0.0000000000000000    -0.0000000000000000
     0.0000000000000000     0.0000000000000000       -0.0000000000000000    -0.0000000000000000       -0.0000000000000000    -0.0000000000000000
    2    2
     0.0129501637328862     0.0000000000000000        0.0078661014643068     0.0000000000000000        0.0000000000000000     0.0000000000000000
     0.0078661014643068     0.0000000000000000        0.0129501637328862     0.0000000000000000        0.0000000000000000     0.0000000000000000
     0.0000000000000000     0.0000000000000000        0.0000000000000000     0.0000000000000000        0.0218824409232442     0.0000000000000000
    2    3
     0.0000000000000000     0.0000000000000000        0.0000000000000000    -0.0000000000000000        0.0000000000000000     0.0000000000000000
    -0.0000000000000000     0.0000000000000000        0.0000000000000000    -0.0000000000000000        0.0000000000000000    -0.0000000000000000
    -0.0000000000000000    -0.0000000000000000        0.0000000000000000    -0.0000000000000000        0.0000000000000000     0.0000000000000000
    2    4
     0.0000000000000000    -0.0000000000000000       -0.0000000000000000     0.0000000000000000       -0.0000000000000000    -0.0000000000000000
     0.0000000000000000    -0.0000000000000000        0.0000000000000000     0.0000000000000000        0.0000000000000000    -0.0000000000000000
    -0.0000000000000000    -0.0000000000000000       -0.0000000000000000    -0.0000000000000000       -0.0000000000000000     0.0000000000000000
    2    5
     0.0001418556812715     0.0000000000062002       -0.0016362292070973    -0.0000000000715157       -0.0000000000000000    -0.0000000000000000
    -0.0016362292070973    -0.0000000000715157        0.0001418556812715     0.0000000000062002        0.0000000000000000     0.0000000000000000
    -0.0000000000000000    -0.0000000000000000        0.0000000000000000     0.0000000000000000        0.0004405208250361     0.0000000000192541
    2    6
    -0.0001418556812715    -0.0000000000062002        0.0016362292070973     0.0000000000715157        0.0000000000000000     0.0000000000000000
     0.0016362292070973     0.0000000000715157       -0.0001418556812715    -0.0000000000062002       -0.0000000000000000    -0.0000000000000000
     0.0000000000000000     0.0000000000000000       -0.0000000000000000    -0.0000000000000000       -0.0004405208250361    -0.0000000000192541
    2    7
    -0.0045216311037858     0.0000000000000000       -0.0017769271165103     0.0000000000000000       -0.0000000000000000     0.0000000000000000
    -0.0017769271165103     0.0000000000000000       -0.0045216311037858     0.0000000000000000       -0.0000000000000000     0.0000000000000000
    -0.0000000000000000     0.0000000000000000       -0.0000000000000000     0.0000000000000000       -0.0101183357347169     0.0000000000000000
    2    8
     0.0045216311037858     0.0000000003952597        0.0017769271165103     0.0000000001553306        0.0000000000000000     0.0000000000000000
     0.0017769271165103     0.0000000001553306        0.0045216311037858     0.0000000003952597        0.0000000000000000     0.0000000000000000
     0.0000000000000000     0.0000000000000000        0.0000000000000000     0.0000000000000000        0.0101183357347168     0.0000000008844972
    2    9
     0.0000000000000000    -0.0000000000000000       -0.0000000000000000    -0.0000000000000000        0.0000000000000000     0.0000000000000000
     0.0000000000000000     0.0000000000000000       -0.0000000000000000     0.0000000000000000        0.0000000000000000    -0.0000000000000000
     0.0000000000000000     0.0000000000000000       -0.0000000000000000    -0.0000000000000000       -0.0000000000000000     0.0000000000000000
    2   10
    -0.0000000000000000     0.0000000000000000        0.0000000000000000     0.0000000000000000        0.0000000000000000    -0.0000000000000000
    -0.0000000000000000    -0.0000000000000000        0.0000000000000000    -0.0000000000000000       -0.0000000000000000    -0.0000000000000000
    -0.0000000000000000     0.0000000000000000       -0.0000000000000000    -0.0000000000000000       -0.0000000000000000     0.0000000000000000
    3    1
    -0.0000000000000000    -0.0000000000000000       -0.0000000000000000    -0.0000000000000000        0.0000000000000000     0.0000000000000000
     0.0000000000000000    -0.0000000000000000       -0.0000000000000000    -0.0000000000000000       -0.0000000000000000    -0.0000000000000000
    -0.0000000000000000     0.0000000000000000        0.0000000000000000     0.0000000000000000       -0.0000000000000000    -0.0000000000000000
    3    2
     0.0000000000000000    -0.0000000000000000       -0.0000000000000000    -0.0000000000000000        0.0000000000000000     0.0000000000000000
     0.0000000000000000     0.0000000000000000        0.0000000000000000     0.0000000000000000       -0.0000000000000000     0.0000000000000000
    -0.0000000000000000    -0.0000000000000000        0.0000000000000000     0.0000000000000000       -0.0000000000000000    -0.0000000000000000
    3    3
     0.0635672852916379     0.0000000000000000        0.0000000000000013     0.0000000000000000       -0.0000000000000000     0.0000000000000000
     0.0000000000000013     0.0000000000000000        0.0635672852916381     0.0000000000000000        0.0000000000000001     0.0000000000000000
    -0.0000000000000000     0.0000000000000000        0.0000000000000001     0.0000000000000000        0.0391225880132252     0.0000000000000000
    3    4
    -0.0000000000000003    -0.0000000000000000       -0.0141330398739653    -0.0000000000000000       -0.0000000000000000    -0.0000000000000000
    -0.0141330398739653    -0.0000000000000000       -0.0000000000000003    -0.0000000000000000        0.0000000000000000     0.0000000000000000
    -0.0000000000000000    -0.0000000000000000        0.0000000000000000     0.0000000000000000        0.0000000000000000     0.0000000000000000
    3    5
    -0.0179696293066872    -0.0000000000000000       -0.0067893180141112    -0.0000000000000000       -0.0000000000000000    -0.0000000000000000
    -0.0087434722537449    -0.0000000000000000       -0.0073726122224811    -0.0000000000000000       -0.0000000000000000    -0.0000000000000000
    -0.0000000000000000    -0.0000000000000000       -0.0000000000000000    -0.0000000000000000       -0.0008442636819356    -0.0000000000000000
    3    6
    -0.0179696293066872     0.0000000000000000       -0.0067893180141112     0.0000000000000000       -0.0000000000000000     0.0000000000000000
    -0.0087434722537449     0.0000000000000000       -0.0073726122224811     0.0000000000000000       -0.0000000000000000     0.0000000000000000
    -0.0000000000000000     0.0000000000000000       -0.0000000000000000     0.0000000000000000       -0.0008442636819356     0.0000000000000000
    3    7
    -0.0073726122224808     0.0000000003222395        0.0087434722537444    -0.0000000003821566        0.0000000000000000    -0.0000000000000000
     0.0067893180141107    -0.0000000002967451       -0.0179696293066869     0.0000000007854102       -0.0000000000000000     0.0000000000000000
     0.0000000000000000    -0.0000000000000000       -0.0000000000000000     0.0000000000000000       -0.0008442636819356     0.0000000000369008
    3    8
    -0.0073726122224808    -0.0000000003222395        0.0087434722537444     0.0000000003821566        0.0000000000000000     0.0000000000000000
     0.0067893180141107     0.0000000002967451       -0.0179696293066869    -0.0000000007854102       -0.0000000000000000    -0.0000000000000000
     0.0000000000000000     0.0000000000000000       -0.0000000000000000    -0.0000000000000000       -0.0008442636819356    -0.0000000000369008
    3    9
    -0.0045211192677545     0.0000000000000000       -0.0006641391286551     0.0000000000000000        0.0000000000000000    -0.0000000000000000
     0.0006641391286549    -0.0000000000000000       -0.0045211192677545     0.0000000000000000       -0.0000000000000000     0.0000000000000000
     0.0000000000000000    -0.0000000000000000       -0.0000000000000000     0.0000000000000000       -0.0331305801065979     0.0000000000000000
    3   10
     0.0006176439470238     0.0000000000000000        0.0019148852312105     0.0000000000000000        0.0000000000000000     0.0000000000000000
     0.0019148852312105     0.0000000000000000       -0.0006176439470237    -0.0000000000000000       -0.0000000000000000    -0.0000000000000000
     0.0000000000000000     0.0000000000000000       -0.0000000000000000    -0.0000000000000000       -0.0000000000000000    -0.0000000000000000
    4    1
    -0.0000000000000000    -0.0000000000000000        0.0000000000000000    -0.0000000000000000       -0.0000000000000000    -0.0000000000000000
    -0.0000000000000000    -0.0000000000000000       -0.0000000000000000    -0.0000000000000000        0.0000000000000000     0.0000000000000000
     0.0000000000000000    -0.0000000000000000        0.0000000000000000     0.0000000000000000        0.0000000000000000    -0.0000000000000000
    4    2
     0.0000000000000000     0.0000000000000000        0.0000000000000000     0.0000000000000000       -0.0000000000000000     0.0000000000000000
    -0.0000000000000000    -0.0000000000000000        0.0000000000000000    -0.0000000000000000       -0.0000000000000000     0.0000000000000000
    -0.0000000000000000     0.0000000000000000       -0.0000000000000000     0.0000000000000000       -0.0000000000000000    -0.0000000000000000
    4    3
    -0.0000000000000003     0.0000000000000000       -0.0141330398739653     0.0000000000000000       -0.0000000000000000     0.0000000000000000
    -0.0141330398739653     0.0000000000000000       -0.0000000000000003     0.0000000000000000        0.0000000000000000    -0.0000000000000000
    -0.0000000000000000     0.0000000000000000        0.0000000000000000    -0.0000000000000000        0.0000000000000000    -0.0000000000000000
    4    4
     0.0635672852916379     0.0000000000000000        0.0000000000000013     0.0000000000000000       -0.0000000000000000     0.0000000000000000
     0.0000000000000013     0.0000000000000000        0.0635672852916381     0.0000000000000000        0.0000000000000001     0.0000000000000000
    -0.0000000000000000     0.0000000000000000        0.0000000000000001     0.0000000000000000        0.0391225880132252     0.0000000000000000
    4    5
    -0.0073726122224811     0.0000000000000000       -0.0087434722537449     0.0000000000000000       -0.0000000000000000     0.0000000000000000
    -0.0067893180141112     0.0000000000000000       -0.0179696293066872     0.0000000000000000       -0.0000000000000000     0.0000000000000000
    -0.0000000000000000     0.0000000000000000       -0.0000000000000000     0.0000000000000000       -0.0008442636819356     0.0000000000000000
    4    6
    -0.0073726122224811     0.0000000000000000       -0.0087434722537449     0.0000000000000000       -0.0000000000000000     0.0000000000000000
    -0.0067893180141112     0.0000000000000000       -0.0179696293066872     0.0000000000000000       -0.0000000000000000     0.0000000000000000
    -0.0000000000000000     0.0000000000000000       -0.0000000000000000     0.0000000000000000       -0.0008442636819356     0.0000000000000000
    4    7
     0.0179696293066868    -0.0000000007854102       -0.0067893180141107     0.0000000002967451       -0.0000000000000000     0.0000000000000000
    -0.0087434722537444     0.0000000003821566        0.0073726122224808    -0.0000000003222395        0.0000000000000000    -0.0000000000000000
    -0.0000000000000000     0.0000000000000000        0.0000000000000000    -0.0000000000000000        0.0008442636819356    -0.0000000000369008
    4    8
     0.0179696293066868     0.0000000007854101       -0.0067893180141107    -0.0000000002967451       -0.0000000000000000    -0.0000000000000000
    -0.0087434722537444    -0.0000000003821566        0.0073726122224808     0.0000000003222395        0.0000000000000000     0.0000000000000000
    -0.0000000000000000    -0.0000000000000000        0.0000000000000000     0.0000000000000000        0.0008442636819356     0.0000000000369008
    4    9
    -0.0006176439470237     0.0000000000000000        0.0019148852312105    -0.0000000000000000        0.0000000000000000    -0.0000000000000000
     0.0019148852312105    -0.0000000000000000        0.0006176439470238    -0.0000000000000000        0.0000000000000000    -0.0000000000000000
     0.0000000000000000    -0.0000000000000000        0.0000000000000000    -0.0000000000000000        0.0000000000000000    -0.0000000000000000
    4   10
    -0.0045211192677545     0.0000000000000000        0.0006641391286549    -0.0000000000000000        0.0000000000000000    -0.0000000000000000
    -0.0006641391286551     0.0000000000000000       -0.0045211192677545     0.0000000000000000       -0.0000000000000000     0.0000000000000000
     0.0000000000000000    -0.0000000000000000       -0.0000000000000000     0.0000000000000000       -0.0331305801065979     0.0000000000000000
    5    1
    -0.0045216311037857    -0.0000000001976298        0.0017769271165101     0.0000000000776653        0.0000000000000000     0.0000000000000000
     0.0017769271165101     0.0000000000776653       -0.0045216311037858    -0.0000000001976298       -0.0000000000000000    -0.0000000000000000
     0.0000000000000000     0.0000000000000000       -0.0000000000000000    -0.0000000000000000       -0.0101183357347169    -0.0000000004422486
    5    2
     0.0001418556812715    -0.0000000000062002       -0.0016362292070973     0.0000000000715157       -0.0000000000000000     0.0000000000000000
    -0.0016362292070973     0.0000000000715157        0.0001418556812715    -0.0000000000062002        0.0000000000000000    -0.0000000000000000
    -0.0000000000000000     0.0000000000000000        0.0000000000000000    -0.0000000000000000        0.0004405208250361    -0.0000000000192541
    5    3
    -0.0179696293066872     0.0000000000000000       -0.0087434722537449     0.0000000000000000       -0.0000000000000000     0.0000000000000000
    -0.0067893180141112     0.0000000000000000       -0.0073726122224811     0.0000000000000000       -0.0000000000000000     0.0000000000000000
    -0.0000000000000000     0.0000000000000000       -0.0000000000000000     0.0000000000000000       -0.0008442636819356     0.0000000000000000
    5    4
    -0.0073726122224811    -0.0000000000000000       -0.0067893180141112    -0.0000000000000000       -0.0000000000000000    -0.0000000000000000
    -0.0087434722537449    -0.0000000000000000       -0.0179696293066872    -0.0000000000000000       -0.0000000000000000    -0.0000000000000000
    -0.0000000000000000    -0.0000000000000000       -0.0000000000000000    -0.0000000000000000       -0.0008442636819356    -0.0000000000000000
    5    5
     0.0522939572086071     0.0000000000000000        0.0318577609103316     0.0000000000000000        0.0000000000000000     0.0000000000000000
     0.0318577609103316     0.0000000000000000        0.0522939572086073     0.0000000000000000        0.0000000000000000     0.0000000000000000
     0.0000000000000000     0.0000000000000000        0.0000000000000000     0.0000000000000000        0.0169551567741635     0.0000000000000000
    5    6
    -0.0149787242307529     0.0000000000000000       -0.0164107943392049     0.0000000000000000       -0.0000000000000000     0.0000000000000000
    -0.0164107943392049     0.0000000000000000       -0.0149787242307529     0.0000000000000000       -0.0000000000000000     0.0000000000000000
    -0.0000000000000000     0.0000000000000000       -0.0000000000000000     0.0000000000000000       -0.0004775810769640     0.0000000000000000
    5    7
     0.0000000000000001    -0.0000000000000000        0.0028098944554842    -0.0000000001228139        0.0000000000000000    -0.0000000000000000
     0.0028098944554842    -0.0000000001228139        0.0000000000000001    -0.0000000000000000       -0.0000000000000000     0.0000000000000000
     0.0000000000000000    -0.0000000000000000       -0.0000000000000000     0.0000000000000000       -0.0000000000000000     0.0000000000000000
    5    8
    -0.0000000000000001    -0.0000000000000000       -0.0028098944554842    -0.0000000001228139       -0.0000000000000000    -0.0000000000000000
    -0.0028098944554842    -0.0000000001228139       -0.0000000000000001    -0.0000000000000000        0.0000000000000000     0.0000000000000000
    -0.0000000000000000    -0.0000000000000000        0.0000000000000000     0.0000000000000000        0.0000000000000000     0.0000000000000000
    5    9
    -0.0013374500641825     0.0000000000000000       -0.0014491116663216     0.0000000000000000       -0.0000000000000000     0.0000000000000000
    -0.0017524971261736     0.0000000000000000       -0.0001360256851525     0.0000000000000000       -0.0000000000000000     0.0000000000000000
    -0.0000000000000000     0.0000000000000000       -0.0000000000000000     0.0000000000000000       -0.0030854311568740     0.0000000000000000
    5   10
    -0.0001360256851525    -0.0000000000000000       -0.0017524971261736    -0.0000000000000000       -0.0000000000000000    -0.0000000000000000
    -0.0014491116663216    -0.0000000000000000       -0.0013374500641825    -0.0000000000000000       -0.0000000000000000    -0.0000000000000000
    -0.0000000000000000    -0.0000000000000000       -0.0000000000000000    -0.0000000000000000       -0.0030854311568740    -0.0000000000000000
    6    1
     0.0045216311037857     0.0000000001976298       -0.0017769271165101    -0.0000000000776653       -0.0000000000000000    -0.0000000000000000
    -0.0017769271165101    -0.0000000000776653        0.0045216311037858     0.0000000001976298        0.0000000000000000     0.0000000000000000
    -0.0000000000000000    -0.0000000000000000        0.0000000000000000     0.0000000000000000        0.0101183357347169     0.0000000004422486
    6    2
    -0.0001418556812715     0.0000000000062002        0.0016362292070973    -0.0000000000715157        0.0000000000000000    -0.0000000000000000
     0.0016362292070973    -0.0000000000715157       -0.0001418556812715     0.0000000000062002       -0.0000000000000000     0.0000000000000000
     0.0000000000000000    -0.0000000000000000       -0.0000000000000000     0.0000000000000000       -0.0004405208250361     0.0000000000192541
    6    3
    -0.0179696293066872    -0.0000000000000000       -0.0087434722537449    -0.0000000000000000       -0.0000000000000000    -0.0000000000000000
    -0.0067893180141112    -0.0000000000000000       -0.0073726122224811    -0.0000000000000000       -0.0000000000000000    -0.0000000000000000
    -0.0000000000000000    -0.0000000000000000       -0.0000000000000000    -0.0000000000000000       -0.0008442636819356    -0.0000000000000000
    6    4
    -0.0073726122224811    -0.0000000000000000       -0.0067893180141112    -0.0000000000000000       -0.0000000000000000    -0.0000000000000000
    -0.0087434722537449    -0.0000000000000000       -0.0179696293066872    -0.0000000000000000       -0.0000000000000000    -0.0000000000000000
    -0.0000000000000000    -0.0000000000000000       -0.0000000000000000    -0.0000000000000000       -0.0008442636819356    -0.0000000000000000
    6    5
    -0.0149787242307529    -0.0000000000000000       -0.0164107943392049    -0.0000000000000000       -0.0000000000000000    -0.0000000000000000
    -0.0164107943392049    -0.0000000000000000       -0.0149787242307529    -0.0000000000000000       -0.0000000000000000    -0.0000000000000000
    -0.0000000000000000    -0.0000000000000000       -0.0000000000000000    -0.0000000000000000       -0.0004775810769640    -0.0000000000000000
    6    6
     0.0522939572086071     0.0000000000000000        0.0318577609103316     0.0000000000000000        0.0000000000000000     0.0000000000000000
     0.0318577609103316     0.0000000000000000        0.0522939572086073     0.0000000000000000        0.0000000000000000     0.0000000000000000
     0.0000000000000000     0.0000000000000000        0.0000000000000000     0.0000000000000000        0.0169551567741635     0.0000000000000000
    6    7
    -0.0000000000000001     0.0000000000000000       -0.0028098944554842     0.0000000001228139       -0.0000000000000000     0.0000000000000000
    -0.0028098944554842     0.0000000001228139       -0.0000000000000001     0.0000000000000000        0.0000000000000000    -0.0000000000000000
    -0.0000000000000000     0.0000000000000000        0.0000000000000000    -0.0000000000000000        0.0000000000000000    -0.0000000000000000
    6    8
     0.0000000000000001     0.0000000000000000        0.0028098944554842     0.0000000001228139        0.0000000000000000     0.0000000000000000
     0.0028098944554842     0.0000000001228139        0.0000000000000001     0.0000000000000000       -0.0000000000000000    -0.0000000000000000
     0.0000000000000000     0.0000000000000000       -0.0000000000000000    -0.0000000000000000       -0.0000000000000000    -0.0000000000000000
    6    9
    -0.0013374500641825     0.0000000000000000       -0.0014491116663216     0.0000000000000000       -0.0000000000000000     0.0000000000000000
    -0.0017524971261736     0.0000000000000000       -0.0001360256851525     0.0000000000000000       -0.0000000000000000     0.0000000000000000
    -0.0000000000000000     0.0000000000000000       -0.0000000000000000     0.0000000000000000       -0.0030854311568740     0.0000000000000000
    6   10
    -0.0001360256851525    -0.0000000000000000       -0.0017524971261736    -0.0000000000000000       -0.0000000000000000    -0.0000000000000000
    -0.0014491116663216    -0.0000000000000000       -0.0013374500641825    -0.0000000000000000       -0.0000000000000000    -0.0000000000000000
    -0.0000000000000000    -0.0000000000000000       -0.0000000000000000    -0.0000000000000000       -0.0030854311568740    -0.0000000000000000
    7    1
    -0.0001418556812716    -0.0000000000124004       -0.0016362292070973    -0.0000000001430314       -0.0000000000000000    -0.0000000000000000
    -0.0016362292070973    -0.0000000001430314       -0.0001418556812716    -0.0000000000124004       -0.0000000000000000    -0.0000000000000000
    -0.0000000000000000    -0.0000000000000000       -0.0000000000000000    -0.0000000000000000       -0.0004405208250361    -0.0000000000385083
    7    2
    -0.0045216311037858    -0.0000000000000000       -0.0017769271165103    -0.0000000000000000       -0.0000000000000000    -0.0000000000000000
    -0.0017769271165103    -0.0000000000000000       -0.0045216311037858    -0.0000000000000000       -0.0000000000000000    -0.0000000000000000
    -0.0000000000000000    -0.0000000000000000       -0.0000000000000000    -0.0000000000000000       -0.0101183357347169    -0.0000000000000000
    7    3
    -0.0073726122224808    -0.0000000003222395        0.0067893180141107     0.0000000002967451        0.0000000000000000     0.0000000000000000
     0.0087434722537444     0.0000000003821566       -0.0179696293066869    -0.0000000007854102       -0.0000000000000000    -0.0000000000000000
     0.0000000000000000     0.0000000000000000       -0.0000000000000000    -0.0000000000000000       -0.0008442636819356    -0.0000000000369008
    7    4
     0.0179696293066868     0.0000000007854102       -0.0087434722537444    -0.0000000003821566       -0.0000000000000000    -0.0000000000000000
    -0.0067893180141107    -0.0000000002967451        0.0073726122224808     0.0000000003222395        0.0000000000000000     0.0000000000000000
    -0.0000000000000000    -0.0000000000000000        0.0000000000000000     0.0000000000000000        0.0008442636819356     0.0000000000369008
    7    5
     0.0000000000000001     0.0000000000000000        0.0028098944554842     0.0000000001228139        0.0000000000000000     0.0000000000000000
     0.0028098944554842     0.0000000001228139        0.0000000000000001     0.0000000000000000       -0.0000000000000000    -0.0000000000000000
     0.0000000000000000     0.0000000000000000       -0.0000000000000000    -0.0000000000000000       -0.0000000000000000    -0.0000000000000000
    7    6
    -0.0000000000000001    -0.0000000000000000       -0.0028098944554842    -0.0000000001228139       -0.0000000000000000    -0.0000000000000000
    -0.0028098944554842    -0.0000000001228139       -0.0000000000000001    -0.0000000000000000        0.0000000000000000     0.0000000000000000
    -0.0000000000000000    -0.0000000000000000        0.0000000000000000     0.0000000000000000        0.0000000000000000     0.0000000000000000
    7    7
     0.0522939572086058     0.0000000000000000       -0.0318577609103294     0.0000000000000000       -0.0000000000000000     0.0000000000000000
    -0.0318577609103294     0.0000000000000000        0.0522939572086059     0.0000000000000000        0.0000000000000001     0.0000000000000000
    -0.0000000000000000     0.0000000000000000        0.0000000000000001     0.0000000000000000        0.0169551567741635     0.0000000000000000
    7    8
    -0.0149787242307520    -0.0000000013093695        0.0164107943392042     0.0000000014345543        0.0000000000000000     0.0000000000000000
     0.0164107943392042     0.0000000014345543       -0.0149787242307521    -0.0000000013093695       -0.0000000000000000    -0.0000000000000000
     0.0000000000000000     0.0000000000000000       -0.0000000000000000    -0.0000000000000000       -0.0004775810769640    -0.0000000000417479
    7    9
    -0.0001360256851525    -0.0000000000059454        0.0017524971261736     0.0000000000765975        0.0000000000000000     0.0000000000000000
     0.0014491116663216     0.0000000000633373       -0.0013374500641825    -0.0000000000584568       -0.0000000000000000    -0.0000000000000000
     0.0000000000000000     0.0000000000000000       -0.0000000000000000    -0.0000000000000000       -0.0030854311568739    -0.0000000001348569
    7   10
     0.0013374500641825     0.0000000000584568       -0.0014491116663216    -0.0000000000633373       -0.0000000000000000    -0.0000000000000000
    -0.0017524971261736    -0.0000000000765975        0.0001360256851525     0.0000000000059454        0.0000000000000000     0.0000000000000000
    -0.0000000000000000    -0.0000000000000000        0.0000000000000000     0.0000000000000000        0.0030854311568739     0.0000000001348569
    8    1
     0.0001418556812716     0.0000000000000000        0.0016362292070973     0.0000000000000000        0.0000000000000000     0.0000000000000000
     0.0016362292070973     0.0000000000000000        0.0001418556812716     0.0000000000000000        0.0000000000000000     0.0000000000000000
     0.0000000000000000     0.0000000000000000        0.0000000000000000     0.0000000000000000        0.0004405208250361     0.0000000000000000
    8    2
     0.0045216311037858    -0.0000000003952597        0.0017769271165103    -0.0000000001553306        0.0000000000000000    -0.0000000000000000
     0.0017769271165103    -0.0000000001553306        0.0045216311037858    -0.0000000003952597        0.0000000000000000    -0.0000000000000000
     0.0000000000000000    -0.0000000000000000        0.0000000000000000    -0.0000000000000000        0.0101183357347168    -0.0000000008844972
    8    3
    -0.0073726122224808     0.0000000003222395        0.0067893180141107    -0.0000000002967451        0.0000000000000000    -0.0000000000000000
     0.0087434722537444    -0.0000000003821566       -0.0179696293066869     0.0000000007854102       -0.0000000000000000     0.0000000000000000
     0.0000000000000000    -0.0000000000000000       -0.0000000000000000     0.0000000000000000       -0.0008442636819356     0.0000000000369008
    8    4
     0.0179696293066868    -0.0000000007854101       -0.0087434722537444     0.0000000003821566       -0.0000000000000000     0.0000000000000000
    -0.0067893180141107     0.0000000002967451        0.0073726122224808    -0.0000000003222395        0.0000000000000000    -0.0000000000000000
    -0.0000000000000000     0.0000000000000000        0.0000000000000000    -0.0000000000000000        0.0008442636819356    -0.0000000000369008
    8    5
    -0.0000000000000001     0.0000000000000000       -0.0028098944554842     0.0000000001228139       -0.0000000000000000     0.0000000000000000
    -0.0028098944554842     0.0000000001228139       -0.0000000000000001     0.0000000000000000        0.0000000000000000    -0.0000000000000000
    -0.0000000000000000     0.0000000000000000        0.0000000000000000    -0.0000000000000000        0.0000000000000000    -0.0000000000000000
    8    6
     0.0000000000000001    -0.0000000000000000        0.0028098944554842    -0.0000000001228139        0.0000000000000000    -0.0000000000000000
     0.0028098944554842    -0.0000000001228139        0.0000000000000001    -0.0000000000000000       -0.0000000000000000     0.0000000000000000
     0.0000000000000000    -0.0000000000000000       -0.0000000000000000     0.0000000000000000       -0.0000000000000000     0.0000000000000000
    8    7
    -0.0149787242307520     0.0000000013093695        0.0164107943392042    -0.0000000014345543        0.0000000000000000    -0.0000000000000000
     0.0164107943392042    -0.0000000014345543       -0.0149787242307521     0.0000000013093695       -0.0000000000000000     0.0000000000000000
     0.0000000000000000    -0.0000000000000000       -0.0000000000000000     0.0000000000000000       -0.0004775810769640     0.0000000000417479
    8    8
     0.0522939572086058     0.0000000000000000       -0.0318577609103294     0.0000000000000000       -0.0000000000000000     0.0000000000000000
    -0.0318577609103294     0.0000000000000000        0.0522939572086059     0.0000000000000000        0.0000000000000001     0.0000000000000000
    -0.0000000000000000     0.0000000000000000        0.0000000000000001     0.0000000000000000        0.0169551567741635     0.0000000000000000
    8    9
    -0.0001360256851525     0.0000000000059454        0.0017524971261736    -0.0000000000765975        0.0000000000000000    -0.0000000000000000
     0.0014491116663216    -0.0000000000633373       -0.0013374500641825     0.0000000000584568       -0.0000000000000000     0.0000000000000000
     0.0000000000000000    -0.0000000000000000       -0.0000000000000000     0.0000000000000000       -0.0030854311568739     0.0000000001348569
    8   10
     0.0013374500641825    -0.0000000000584568       -0.0014491116663216     0.0000000000633373       -0.0000000000000000     0.0000000000000000
    -0.0017524971261736     0.0000000000765975        0.0001360256851525    -0.0000000000059454        0.0000000000000000    -0.0000000000000000
    -0.0000000000000000     0.0000000000000000        0.0000000000000000    -0.0000000000000000        0.0030854311568739    -0.0000000001348569
    9    1
     0.0000000000000000    -0.0000000000000000        0.0000000000000000     0.0000000000000000       -0.0000000000000000    -0.0000000000000000
    -0.0000000000000000    -0.0000000000000000        0.0000000000000000    -0.0000000000000000        0.0000000000000000     0.0000000000000000
    -0.0000000000000000    -0.0000000000000000        0.0000000000000000     0.0000000000000000       -0.0000000000000000     0.0000000000000000
    9    2
     0.0000000000000000     0.0000000000000000        0.0000000000000000    -0.0000000000000000       -0.0000000000000000    -0.0000000000000000
    -0.0000000000000000     0.0000000000000000       -0.0000000000000000    -0.0000000000000000       -0.0000000000000000     0.0000000000000000
     0.0000000000000000    -0.0000000000000000        0.0000000000000000     0.0000000000000000       -0.0000000000000000    -0.0000000000000000
    9    3
    -0.0045211192677545    -0.0000000000000000        0.0006641391286549     0.0000000000000000        0.0000000000000000     0.0000000000000000
    -0.0006641391286551    -0.0000000000000000       -0.0045211192677545    -0.0000000000000000       -0.0000000000000000    -0.0000000000000000
     0.0000000000000000     0.0000000000000000       -0.0000000000000000    -0.0000000000000000       -0.0331305801065979    -0.0000000000000000
    9    4
    -0.0006176439470237    -0.0000000000000000        0.0019148852312105     0.0000000000000000        0.0000000000000000     0.0000000000000000
     0.0019148852312105     0.0000000000000000        0.0006176439470238     0.0000000000000000        0.0000000000000000     0.0000000000000000
     0.0000000000000000     0.0000000000000000        0.0000000000000000     0.0000000000000000        0.0000000000000000     0.0000000000000000
    9    5
    -0.0013374500641825    -0.0000000000000000       -0.0017524971261736    -0.0000000000000000       -0.0000000000000000    -0.0000000000000000
    -0.0014491116663216    -0.0000000000000000       -0.0001360256851525    -0.0000000000000000       -0.0000000000000000    -0.0000000000000000
    -0.0000000000000000    -0.0000000000000000       -0.0000000000000000    -0.0000000000000000       -0.0030854311568740    -0.0000000000000000
    9    6
    -0.0013374500641825    -0.0000000000000000       -0.0017524971261736    -0.0000000000000000       -0.0000000000000000    -0.0000000000000000
    -0.0014491116663216    -0.0000000000000000       -0.0001360256851525    -0.0000000000000000       -0.0000000000000000    -0.0000000000000000
    -0.0000000000000000    -0.0000000000000000       -0.0000000000000000    -0.0000000000000000       -0.0030854311568740    -0.0000000000000000
    9    7
    -0.0001360256851525     0.0000000000059454        0.0014491116663216    -0.0000000000633373        0.0000000000000000    -0.0000000000000000
     0.0017524971261736    -0.0000000000765975       -0.0013374500641825     0.0000000000584568       -0.0000000000000000     0.0000000000000000
     0.0000000000000000    -0.0000000000000000       -0.0000000000000000     0.0000000000000000       -0.0030854311568739     0.0000000001348569
    9    8
    -0.0001360256851525    -0.0000000000059454        0.0014491116663216     0.0000000000633373        0.0000000000000000     0.0000000000000000
     0.0017524971261736     0.0000000000765975       -0.0013374500641825    -0.0000000000584568       -0.0000000000000000    -0.0000000000000000
     0.0000000000000000     0.0000000000000000       -0.0000000000000000    -0.0000000000000000       -0.0030854311568739    -0.0000000001348569
    9    9
     0.0111346354491794     0.0000000000000000        0.0000000000000002     0.0000000000000000       -0.0000000000000000     0.0000000000000000
     0.0000000000000002     0.0000000000000000        0.0111346354491795     0.0000000000000000        0.0000000000000000     0.0000000000000000
    -0.0000000000000000     0.0000000000000000        0.0000000000000000     0.0000000000000000        0.0484881084853695     0.0000000000000000
    9   10
    -0.0000000000000000    -0.0000000000000000       -0.0012117204658573    -0.0000000000000000       -0.0000000000000000    -0.0000000000000000
    -0.0012117204658573    -0.0000000000000000       -0.0000000000000000    -0.0000000000000000        0.0000000000000000     0.0000000000000000
    -0.0000000000000000    -0.0000000000000000        0.0000000000000000     0.0000000000000000        0.0000000000000000     0.0000000000000000
   10    1
     0.0000000000000000    -0.0000000000000000        0.0000000000000000    -0.0000000000000000        0.0000000000000000    -0.0000000000000000
     0.0000000000000000     0.0000000000000000        0.0000000000000000    -0.0000000000000000        0.0000000000000000    -0.0000000000000000
    -0.0000000000000000    -0.0000000000000000        0.0000000000000000    -0.0000000000000000       -0.0000000000000000     0.0000000000000000
   10    2
    -0.0000000000000000    -0.0000000000000000       -0.0000000000000000     0.0000000000000000       -0.0000000000000000     0.0000000000000000
     0.0000000000000000    -0.0000000000000000        0.0000000000000000     0.0000000000000000       -0.0000000000000000     0.0000000000000000
    -0.0000000000000000     0.0000000000000000       -0.0000000000000000     0.0000000000000000       -0.0000000000000000    -0.0000000000000000
   10    3
     0.0006176439470238    -0.0000000000000000        0.0019148852312105    -0.0000000000000000        0.0000000000000000    -0.0000000000000000
     0.0019148852312105    -0.0000000000000000       -0.0006176439470237     0.0000000000000000       -0.0000000000000000     0.0000000000000000
     0.0000000000000000    -0.0000000000000000       -0.0000000000000000     0.0000000000000000       -0.0000000000000000     0.0000000000000000
   10    4
    -0.0045211192677545    -0.0000000000000000       -0.0006641391286551    -0.0000000000000000        0.0000000000000000     0.0000000000000000
     0.0006641391286549     0.0000000000000000       -0.0045211192677545    -0.0000000000000000       -0.0000000000000000    -0.0000000000000000
     0.0000000000000000     0.0000000000000000       -0.0000000000000000    -0.0000000000000000       -0.0331305801065979    -0.0000000000000000
   10    5
    -0.0001360256851525     0.0000000000000000       -0.0014491116663216     0.0000000000000000       -0.0000000000000000     0.0000000000000000
    -0.0017524971261736     0.0000000000000000       -0.0013374500641825     0.0000000000000000       -0.0000000000000000     0.0000000000000000
    -0.0000000000000000     0.0000000000000000       -0.0000000000000000     0.0000000000000000       -0.0030854311568740     0.0000000000000000
   10    6
    -0.0001360256851525     0.0000000000000000       -0.0014491116663216     0.0000000000000000       -0.0000000000000000     0.0000000000000000
    -0.0017524971261736     0.0000000000000000       -0.0013374500641825     0.0000000000000000       -0.0000000000000000     0.0000000000000000
    -0.0000000000000000     0.0000000000000000       -0.0000000000000000     0.0000000000000000       -0.0030854311568740     0.0000000000000000
   10    7
     0.0013374500641825    -0.0000000000584568       -0.0017524971261736     0.0000000000765975       -0.0000000000000000     0.0000000000000000
    -0.0014491116663216     0.0000000000633373        0.0001360256851525    -0.0000000000059454        0.0000000000000000    -0.0000000000000000
    -0.0000000000000000     0.0000000000000000        0.0000000000000000    -0.0000000000000000        0.0030854311568739    -0.0000000001348569
   10    8
     0.0013374500641825     0.0000000000584568       -0.0017524971261736    -0.0000000000765975       -0.0000000000000000    -0.0000000000000000
    -0.0014491116663216    -0.0000000000633373        0.0001360256851525     0.0000000000059454        0.0000000000000000     0.0000000000000000
    -0.0000000000000000    -0.0000000000000000        0.0000000000000000     0.0000000000000000        0.0030854311568739     0.0000000001348569
   10    9
    -0.0000000000000000     0.0000000000000000       -0.0012117204658573     0.0000000000000000       -0.0000000000000000     0.0000000000000000
    -0.0012117204658573     0.0000000000000000       -0.0000000000000000     0.0000000000000000        0.0000000000000000    -0.0000000000000000
    -0.0000000000000000     0.0000000000000000        0.0000000000000000    -0.0000000000000000        0.0000000000000000    -0.0000000000000000
   10   10
     0.0111346354491794     0.0000000000000000        0.0000000000000002     0.0000000000000000       -0.0000000000000000     0.0000000000000000
     0.0000000000000002     0.0000000000000000        0.0111346354491795     0.0000000000000000        0.0000000000000000     0.0000000000000000
    -0.0000000000000000     0.0000000000000000        0.0000000000000000     0.0000000000000000        0.0484881084853695     0.0000000000000000

     Diagonalizing the dynamical matrix

     q = (     0.057742165029    -0.057742165029    -0.000000000000 )

***************************************************************************
   freq (    1) =     0.58442161 [THz] =    19.49420389 [cm-1]
(   0.000000  0.000000   0.000000  0.000000   0.000000 -0.000000 )
(  -0.000000 -0.000000  -0.000000  0.000000   0.000000 -0.000000 )
(   0.176618 -0.008331  -0.346165 -0.004441   0.000000  0.000000 )
(  -0.346165 -0.004441   0.176618 -0.008331   0.000000  0.000000 )
(  -0.026447 -0.006439  -0.026447 -0.006439   0.000000 -0.000000 )
(  -0.026447 -0.006439  -0.026447 -0.006439  -0.000000  0.000000 )
(   0.264606 -0.000527  -0.264606  0.000527   0.000000 -0.000000 )
(   0.264606 -0.000527  -0.264606  0.000527  -0.000000  0.000000 )
(   0.183624 -0.010038  -0.416571 -0.004642   0.000000 -0.000000 )
(  -0.416571 -0.004642   0.183624 -0.010038   0.000000  0.000000 )
   freq (    2) =     0.58442161 [THz] =    19.49420389 [cm-1]
(   0.000000  0.000000   0.000000 -0.000000  -0.000000 -0.000000 )
(  -0.000000  0.000000   0.000000 -0.000000  -0.000000  0.000000 )
(   0.346136  0.006344   0.176273  0.013829  -0.000000 -0.000000 )
(   0.176273  0.013829   0.346136  0.006344  -0.000000  0.000000 )
(   0.264461  0.008769   0.264461  0.008769  -0.000000 -0.000000 )
(   0.264461  0.008769   0.264461  0.008769   0.000000  0.000000 )
(   0.026635 -0.005612  -0.026635  0.005612  -0.000000 -0.000000 )
(   0.026635 -0.005612  -0.026635  0.005612   0.000000 -0.000000 )
(   0.416513  0.008336   0.183222  0.015753  -0.000000 -0.000000 )
(   0.183222  0.015753   0.416513  0.008336  -0.000000  0.000000 )
   freq (    3) =     0.63328857 [THz] =    21.12422992 [cm-1]
(  -0.000000  0.000000  -0.124812  0.000000  -0.000000  0.000000 )
(   0.702927  0.000000  -0.691757 -0.000000   0.000000 -0.000000 )
(   0.000000  0.000000   0.000000  0.000000  -0.000000  0.000000 )
(   0.000000  0.000000   0.000000  0.000000  -0.000000  0.000000 )
(  -0.053527 -0.000000   0.051071  0.000000  -0.000000  0.000000 )
(   0.053527  0.000000  -0.051071 -0.000000   0.000000 -0.000000 )
(   0.009043  0.000000  -0.018404 -0.000000   0.000000 -0.000000 )
(  -0.009043  0.000000   0.018404 -0.000000  -0.000000  0.000000 )
(   0.000000  0.000000   0.000000  0.000000  -0.000000  0.000000 )
(   0.000000  0.000000   0.000000  0.000000  -0.000000  0.000000 )
   freq (    4) =     0.63328857 [THz] =    21.12422992 [cm-1]
(   0.702927  0.000000   0.691757  0.000000  -0.000000 -0.000000 )
(   0.000000  0.000000  -0.124812 -0.000000   0.000000  0.000000 )
(  -0.000000  0.000000   0.000000  0.000000  -0.000000  0.000000 )
(   0.000000  0.000000  -0.000000  0.000000  -0.000000  0.000000 )
(   0.009043  0.000000   0.018404  0.000000  -0.000000 -0.000000 )
(  -0.009043 -0.000000  -0.018404 -0.000000   0.000000  0.000000 )
(   0.053527  0.000000   0.051071  0.000000  -0.000000 -0.000000 )
(  -0.053527  0.000000  -0.051071 -0.000000   0.000000  0.000000 )
(  -0.000000  0.000000   0.000000  0.000000  -0.000000 -0.000000 )
(   0.000000  0.000000  -0.000000  0.000000   0.000000 -0.000000 )
   freq (    5) =     0.68816098 [THz] =    22.95457602 [cm-1]
(   0.000000  0.000000   0.000000 -0.000000   0.653206  0.000000 )
(   0.000000  0.000000  -0.000000 -0.000000  -0.024778 -0.000000 )
(   0.000000 -0.000000   0.000000  0.000000   0.000000  0.000000 )
(   0.000000  0.000000   0.000000 -0.000000  -0.000000  0.000000 )
(   0.000000 -0.000000   0.000000  0.000000   0.535112  0.000000 )
(   0.000000  0.000000   0.000000 -0.000000  -0.535112 -0.000000 )
(   0.000000 -0.000000   0.000000  0.000000   0.002994  0.000000 )
(  -0.000000 -0.000000   0.000000  0.000000  -0.002994 -0.000000 )
(   0.000000 -0.000000   0.000000  0.000000   0.000000  0.000000 )
(   0.000000  0.000000   0.000000 -0.000000  -0.000000  0.000000 )
   freq (    6) =     0.68816098 [THz] =    22.95457602 [cm-1]
(   0.000000  0.000000  -0.000000 -0.000000  -0.022253 -0.010897 )
(   0.000000  0.000000  -0.000000 -0.000000  -0.586642 -0.287279 )
(  -0.000000 -0.000000  -0.000000 -0.000000   0.000000  0.000000 )
(  -0.000000 -0.000000  -0.000000 -0.000000  -0.000000 -0.000000 )
(  -0.000000 -0.000000  -0.000000 -0.000000   0.002689  0.001317 )
(  -0.000000 -0.000000  -0.000000 -0.000000  -0.002689 -0.001317 )
(   0.000000  0.000000   0.000000 -0.000000  -0.480582 -0.235342 )
(   0.000000 -0.000000  -0.000000 -0.000000   0.480582  0.235342 )
(  -0.000000 -0.000000  -0.000000 -0.000000   0.000000  0.000000 )
(  -0.000000 -0.000000  -0.000000 -0.000000  -0.000000 -0.000000 )
   freq (    7) =     0.72880962 [THz] =    24.31046871 [cm-1]
(   0.000000  0.000000  -0.000000 -0.000000  -0.000000  0.000000 )
(  -0.000000  0.000000  -0.000000  0.000000   0.000000 -0.000000 )
(  -0.000000 -0.000000   0.000000 -0.000000   0.478011 -0.017653 )
(   0.000000  0.000000   0.000000 -0.000000  -0.479486  0.017707 )
(   0.000000 -0.000000   0.000000 -0.000000  -0.000481  0.000018 )
(   0.000000 -0.000000   0.000000 -0.000000  -0.000481  0.000018 )
(  -0.000000  0.000000  -0.000000  0.000000   0.312223 -0.011530 )
(  -0.000000 -0.000000   0.000000 -0.000000   0.312223 -0.011530 )
(  -0.000000 -0.000000  -0.000000 -0.000000   0.414853 -0.015320 )
(   0.000000 -0.000000   0.000000 -0.000000  -0.416133  0.015368 )
   freq (    8) =     0.72880962 [THz] =    24.31046871 [cm-1]
(   0.000000  0.000000  -0.000000 -0.000000   0.000000  0.000000 )
(   0.000000  0.000000  -0.000000 -0.000000  -0.000000 -0.000000 )
(   0.000000 -0.000000   0.000000  0.000000   0.479813  0.000000 )
(   0.000000 -0.000000   0.000000  0.000000   0.478337  0.000000 )
(   0.000000  0.000000   0.000000 -0.000000   0.312436  0.000000 )
(   0.000000  0.000000   0.000000 -0.000000   0.312436  0.000000 )
(  -0.000000  0.000000   0.000000  0.000000   0.000481  0.000000 )
(  -0.000000  0.000000   0.000000  0.000000   0.000481  0.000000 )
(   0.000000 -0.000000   0.000000  0.000000   0.416417  0.000000 )
(   0.000000  0.000000   0.000000 -0.000000   0.415136  0.000000 )
   freq (    9) =     0.99829821 [THz] =    33.29963901 [cm-1]
(   0.000000  0.000000  -0.000000 -0.000000  -0.000000  0.000000 )
(   0.000000  0.000000   0.000000  0.000000  -0.000000  0.000000 )
(  -0.017808 -0.000090   0.122458 -0.000832   0.000000 -0.000000 )
(  -0.122458  0.000832   0.017808  0.000090  -0.000000  0.000000 )
(   0.069914 -0.000724  -0.069914  0.000724   0.000000  0.000000 )
(   0.069914 -0.000724  -0.069914  0.000724   0.000000 -0.000000 )
(   0.157727 -0.000915   0.157727 -0.000915  -0.000000  0.000000 )
(   0.157727 -0.000915   0.157727 -0.000915  -0.000000 -0.000000 )
(  -0.438663  0.002060   0.482397 -0.003900   0.000000 -0.000000 )
(  -0.482397  0.003900   0.438663 -0.002060  -0.000000  0.000000 )
   freq (   10) =     0.99829821 [THz] =    33.29963901 [cm-1]
(   0.000000  0.000000  -0.000000 -0.000000  -0.000000 -0.000000 )
(   0.000000  0.000000   0.000000  0.000000   0.000000  0.000000 )
(   0.121961 -0.011051   0.017716 -0.001817   0.000000 -0.000000 )
(  -0.017716  0.001817  -0.121961  0.011051  -0.000000 -0.000000 )
(   0.157072 -0.014389  -0.157072  0.014389   0.000000 -0.000000 )
(   0.157072 -0.014389  -0.157072  0.014389   0.000000 -0.000000 )
(  -0.069654  0.006061  -0.069654  0.006061   0.000000 -0.000000 )
(  -0.069654  0.006061  -0.069654  0.006061   0.000000 -0.000000 )
(   0.480501 -0.042913   0.436794 -0.040501  -0.000000  0.000000 )
(  -0.436794  0.040501  -0.480501  0.042913  -0.000000 -0.000000 )
   freq (   11) =     0.99866305 [THz] =    33.31180894 [cm-1]
(  -0.478489  0.000000   0.478121  0.000000   0.000000  0.000000 )
(  -0.000000  0.000000   0.018767  0.000000  -0.000000 -0.000000 )
(   0.000000  0.000000   0.000000 -0.000000   0.000000 -0.000000 )
(   0.000000 -0.000000   0.000000  0.000000   0.000000 -0.000000 )
(  -0.368088 -0.000000   0.367573  0.000000   0.000000  0.000000 )
(   0.368088  0.000000  -0.367573 -0.000000  -0.000000 -0.000000 )
(  -0.005923 -0.000000   0.020356  0.000000   0.000000  0.000000 )
(   0.005923  0.000000  -0.020356 -0.000000  -0.000000 -0.000000 )
(  -0.000000 -0.000000  -0.000000  0.000000  -0.000000  0.000000 )
(  -0.000000  0.000000  -0.000000 -0.000000  -0.000000  0.000000 )
   freq (   12) =     0.99866305 [THz] =    33.31180894 [cm-1]
(   0.000000  0.000000   0.018767  0.000000  -0.000000  0.000000 )
(  -0.478489 -0.000000  -0.478121 -0.000000  -0.000000  0.000000 )
(   0.000000 -0.000000   0.000000 -0.000000  -0.000000  0.000000 )
(  -0.000000  0.000000  -0.000000  0.000000   0.000000  0.000000 )
(   0.005923  0.000000   0.020356  0.000000  -0.000000 -0.000000 )
(  -0.005923 -0.000000  -0.020356 -0.000000   0.000000 -0.000000 )
(  -0.368088 -0.000000  -0.367573 -0.000000  -0.000000  0.000000 )
(   0.368088  0.000000   0.367573  0.000000  -0.000000 -0.000000 )
(   0.000000 -0.000000   0.000000 -0.000000  -0.000000 -0.000000 )
(  -0.000000  0.000000  -0.000000  0.000000   0.000000  0.000000 )
   freq (   13) =     1.10699631 [THz] =    36.92541690 [cm-1]
(  -0.000000  0.000000   0.000000 -0.000000   0.000000  0.000000 )
(   0.000000 -0.000000   0.000000 -0.000000   0.000000  0.000000 )
(  -0.178563 -0.112609   0.171275  0.107060  -0.000000 -0.000000 )
(   0.171275  0.107060  -0.178563 -0.112609  -0.000000 -0.000000 )
(  -0.030014 -0.019228  -0.030014 -0.019228   0.000000 -0.000000 )
(  -0.030014 -0.019228  -0.030014 -0.019228  -0.000000 -0.000000 )
(  -0.136572 -0.085680   0.136572  0.085680  -0.000000 -0.000000 )
(  -0.136572 -0.085680   0.136572  0.085680  -0.000000 -0.000000 )
(   0.344047  0.217092  -0.374024 -0.233921   0.000000  0.000000 )
(  -0.374024 -0.233921   0.344047  0.217092  -0.000000 -0.000000 )
   freq (   14) =     1.10699631 [THz] =    36.92541690 [cm-1]
(  -0.000000  0.000000   0.000000  0.000000  -0.000000 -0.000000 )
(   0.000000 -0.000000   0.000000 -0.000000  -0.000000 -0.000000 )
(  -0.199392 -0.032244  -0.208531 -0.032868  -0.000000 -0.000000 )
(  -0.208531 -0.032868  -0.199392 -0.032244  -0.000000  0.000000 )
(  -0.159198 -0.025476  -0.159198 -0.025476   0.000000 -0.000000 )
(  -0.159198 -0.025476  -0.159198 -0.025476   0.000000  0.000000 )
(   0.035249  0.005299  -0.035249 -0.005299   0.000000  0.000000 )
(   0.035249  0.005299  -0.035249 -0.005299  -0.000000  0.000000 )
(   0.435510  0.070317   0.401868  0.063237  -0.000000 -0.000000 )
(   0.401868  0.063237   0.435510  0.070317  -0.000000  0.000000 )
   freq (   15) =     1.29509927 [THz] =    43.19985538 [cm-1]
(   0.000000  0.000000   0.000000 -0.000000  -0.000000  0.000000 )
(   0.000000 -0.000000   0.000000 -0.000000  -0.000000  0.000000 )
(  -0.000000 -0.000000   0.000000 -0.000000   0.214043 -0.070035 )
(  -0.000000  0.000000   0.000000  0.000000  -0.192849  0.063100 )
(  -0.000000  0.000000   0.000000 -0.000000  -0.032960  0.010784 )
(  -0.000000  0.000000   0.000000 -0.000000  -0.032960  0.010784 )
(   0.000000 -0.000000   0.000000 -0.000000  -0.632793  0.207051 )
(   0.000000 -0.000000   0.000000 -0.000000  -0.632793  0.207051 )
(   0.000000 -0.000000   0.000000  0.000000   0.097605 -0.031936 )
(  -0.000000 -0.000000  -0.000000  0.000000  -0.087940  0.028774 )
   freq (   16) =     1.29509927 [THz] =    43.19985538 [cm-1]
(   0.000000  0.000000  -0.000000 -0.000000   0.000000 -0.000000 )
(   0.000000 -0.000000   0.000000 -0.000000  -0.000000  0.000000 )
(  -0.000000 -0.000000  -0.000000 -0.000000   0.202910 -0.000000 )
(   0.000000  0.000000   0.000000  0.000000   0.225209 -0.000000 )
(  -0.000000 -0.000000   0.000000  0.000000  -0.665806  0.000000 )
(  -0.000000 -0.000000   0.000000  0.000000  -0.665806  0.000000 )
(  -0.000000 -0.000000  -0.000000 -0.000000   0.034679  0.000000 )
(  -0.000000 -0.000000  -0.000000 -0.000000   0.034679  0.000000 )
(   0.000000 -0.000000   0.000000  0.000000   0.092528 -0.000000 )
(  -0.000000 -0.000000  -0.000000  0.000000   0.102697 -0.000000 )
   freq (   17) =     1.29581952 [THz] =    43.22388054 [cm-1]
(   0.000000  0.000000   0.000000  0.000000  -0.000000 -0.000000 )
(  -0.000000 -0.000000  -0.000000  0.000000   0.000000  0.000000 )
(   0.178398  0.000411  -0.008828  0.000142   0.000000 -0.000000 )
(   0.008828 -0.000142  -0.178398 -0.000411  -0.000000  0.000000 )
(   0.440827  0.001006  -0.440827 -0.001006  -0.000000  0.000000 )
(   0.440827  0.001006  -0.440827 -0.001006  -0.000000  0.000000 )
(  -0.012733  0.000372  -0.012733  0.000372  -0.000000  0.000000 )
(  -0.012733  0.000372  -0.012733  0.000372  -0.000000  0.000000 )
(  -0.147711 -0.000115  -0.239360 -0.000674   0.000000 -0.000000 )
(   0.239360  0.000674   0.147711  0.000115  -0.000000  0.000000 )
   freq (   18) =     1.29581952 [THz] =    43.22388054 [cm-1]
(   0.000000  0.000000   0.000000 -0.000000  -0.000000 -0.000000 )
(   0.000000  0.000000  -0.000000 -0.000000   0.000000 -0.000000 )
(  -0.008828 -0.000145  -0.178398  0.000368   0.000000  0.000000 )
(   0.178398 -0.000368   0.008828  0.000145  -0.000000 -0.000000 )
(  -0.012733 -0.000376   0.012733  0.000376   0.000000 -0.000000 )
(  -0.012733 -0.000376   0.012733  0.000376   0.000000 -0.000000 )
(  -0.440828  0.000900  -0.440828  0.000900  -0.000000 -0.000000 )
(  -0.440828  0.000900  -0.440828  0.000900  -0.000000 -0.000000 )
(  -0.239360  0.000617   0.147711 -0.000080   0.000000  0.000000 )
(  -0.147711  0.000080   0.239360 -0.000617  -0.000000 -0.000000 )
   freq (   19) =     1.62589847 [THz] =    54.23412752 [cm-1]
(  -0.505500  0.000000   0.505477  0.000000  -0.000000  0.000000 )
(   0.092860  0.000000  -0.092984 -0.000000   0.000000 -0.000000 )
(   0.000000  0.000000   0.000000 -0.000000  -0.000000  0.000000 )
(  -0.000000  0.000000   0.000000  0.000000   0.000000 -0.000000 )
(   0.341750  0.000000  -0.341758 -0.000000   0.000000 -0.000000 )
(  -0.341750 -0.000000   0.341758  0.000000  -0.000000  0.000000 )
(   0.033620  0.000000  -0.033536 -0.000000   0.000000  0.000000 )
(  -0.033620  0.000000   0.033536  0.000000   0.000000 -0.000000 )
(  -0.000000 -0.000000  -0.000000  0.000000   0.000000  0.000000 )
(   0.000000  0.000000   0.000000 -0.000000   0.000000 -0.000000 )
   freq (   20) =     1.62589847 [THz] =    54.23412752 [cm-1]
(   0.092860  0.000000   0.092984  0.000000   0.000000  0.000000 )
(   0.505500  0.000000   0.505477  0.000000  -0.000000 -0.000000 )
(  -0.000000 -0.000000   0.000000 -0.000000  -0.000000  0.000000 )
(   0.000000  0.000000   0.000000  0.000000   0.000000 -0.000000 )
(   0.033620  0.000000   0.033536  0.000000  -0.000000 -0.000000 )
(  -0.033620 -0.000000  -0.033536 -0.000000   0.000000  0.000000 )
(  -0.341750 -0.000000  -0.341758 -0.000000   0.000000  0.000000 )
(   0.341750  0.000000   0.341758  0.000000  -0.000000 -0.000000 )
(   0.000000  0.000000  -0.000000  0.000000   0.000000  0.000000 )
(  -0.000000  0.000000  -0.000000 -0.000000   0.000000 -0.000000 )
   freq (   21) =     1.76430198 [THz] =    58.85077107 [cm-1]
(  -0.000000  0.000000  -0.000000 -0.000000  -0.165635 -0.009433 )
(  -0.000000 -0.000000  -0.000000 -0.000000  -0.721627 -0.041097 )
(   0.000000 -0.000000  -0.000000 -0.000000  -0.000000 -0.000000 )
(   0.000000  0.000000  -0.000000  0.000000   0.000000  0.000000 )
(  -0.000000 -0.000000   0.000000 -0.000000   0.085772  0.004885 )
(   0.000000  0.000000  -0.000000 -0.000000  -0.085772 -0.004885 )
(   0.000000  0.000000   0.000000  0.000000   0.465764  0.026526 )
(  -0.000000 -0.000000  -0.000000 -0.000000  -0.465764 -0.026526 )
(   0.000000  0.000000  -0.000000 -0.000000   0.000000  0.000000 )
(  -0.000000 -0.000000  -0.000000 -0.000000  -0.000000 -0.000000 )
   freq (   22) =     1.76430198 [THz] =    58.85077107 [cm-1]
(  -0.000000  0.000000   0.000000  0.000000   0.722796 -0.000000 )
(  -0.000000  0.000000  -0.000000  0.000000  -0.165903 -0.000000 )
(  -0.000000 -0.000000  -0.000000 -0.000000   0.000000  0.000000 )
(  -0.000000 -0.000000   0.000000  0.000000   0.000000  0.000000 )
(   0.000000 -0.000000  -0.000000 -0.000000  -0.466519 -0.000000 )
(  -0.000000 -0.000000   0.000000 -0.000000   0.466519  0.000000 )
(   0.000000 -0.000000   0.000000  0.000000   0.085911  0.000000 )
(  -0.000000  0.000000  -0.000000  0.000000  -0.085911 -0.000000 )
(   0.000000  0.000000   0.000000  0.000000  -0.000000  0.000000 )
(   0.000000  0.000000  -0.000000  0.000000  -0.000000  0.000000 )
   freq (   23) =     2.23131660 [THz] =    74.42869958 [cm-1]
(  -0.000000  0.000000   0.000000  0.000000   0.000000  0.000000 )
(   0.000000 -0.000000   0.000000  0.000000   0.000000 -0.000000 )
(   0.458995  0.122832  -0.391092 -0.099967   0.000000  0.000000 )
(   0.391092  0.099967  -0.458995 -0.122832   0.000000  0.000000 )
(  -0.150178 -0.040362   0.150178  0.040362   0.000000 -0.000000 )
(  -0.150178 -0.040362   0.150178  0.040362   0.000000  0.000000 )
(   0.157144  0.040371   0.157144  0.040371  -0.000000  0.000000 )
(   0.157144  0.040371   0.157144  0.040371   0.000000  0.000000 )
(  -0.077514 -0.020708   0.060046  0.015307  -0.000000 -0.000000 )
(  -0.060046 -0.015307   0.077514  0.020708  -0.000000 -0.000000 )
   freq (   24) =     2.23131660 [THz] =    74.42869958 [cm-1]
(  -0.000000  0.000000  -0.000000  0.000000  -0.000000  0.000000 )
(   0.000000 -0.000000  -0.000000  0.000000   0.000000 -0.000000 )
(  -0.114292  0.387148  -0.129404  0.457185   0.000000 -0.000000 )
(   0.129404 -0.457185   0.114292 -0.387148  -0.000000  0.000000 )
(   0.045749 -0.155663  -0.045749  0.155663   0.000000  0.000000 )
(   0.045749 -0.155663  -0.045749  0.155663  -0.000000  0.000000 )
(   0.042191 -0.149675   0.042191 -0.149675   0.000000 -0.000000 )
(   0.042191 -0.149675   0.042191 -0.149675   0.000000 -0.000000 )
(   0.017584 -0.059419   0.021884 -0.077190  -0.000000  0.000000 )
(  -0.021884  0.077190  -0.017584  0.059419   0.000000 -0.000000 )
   freq (   25) =     2.47236864 [THz] =    82.46932898 [cm-1]
(  -0.000000  0.000000   0.000000 -0.000000   0.000000  0.000000 )
(   0.000000  0.000000   0.000000  0.000000  -0.000000  0.000000 )
(   0.000000 -0.000000  -0.000000 -0.000000  -0.221104  0.000000 )
(   0.000000  0.000000  -0.000000  0.000000  -0.376163  0.000000 )
(  -0.000000  0.000000  -0.000000 -0.000000  -0.067012  0.000000 )
(  -0.000000  0.000000  -0.000000 -0.000000  -0.067012  0.000000 )
(   0.000000  0.000000   0.000000  0.000000   0.017397  0.000000 )
(   0.000000  0.000000   0.000000  0.000000   0.017397  0.000000 )
(  -0.000000 -0.000000   0.000000  0.000000   0.453245 -0.000000 )
(  -0.000000 -0.000000   0.000000 -0.000000   0.771101 -0.000000 )
   freq (   26) =     2.47236864 [THz] =    82.46932898 [cm-1]
(  -0.000000  0.000000  -0.000000  0.000000  -0.000000  0.000000 )
(  -0.000000 -0.000000   0.000000 -0.000000  -0.000000 -0.000000 )
(   0.000000  0.000000   0.000000 -0.000000   0.376048  0.009275 )
(  -0.000000  0.000000  -0.000000 -0.000000  -0.221037 -0.005452 )
(   0.000000 -0.000000   0.000000  0.000000   0.017392  0.000429 )
(   0.000000 -0.000000   0.000000  0.000000   0.017392  0.000429 )
(  -0.000000  0.000000   0.000000  0.000000   0.066991  0.001652 )
(  -0.000000  0.000000   0.000000  0.000000   0.066991  0.001652 )
(  -0.000000  0.000000  -0.000000 -0.000000  -0.770867 -0.019012 )
(   0.000000 -0.000000   0.000000  0.000000   0.453107  0.011175 )
   freq (   27) =     2.67051081 [THz] =    89.07863944 [cm-1]
(   0.000000  0.000000  -0.000000 -0.000000   0.000000  0.000000 )
(  -0.000000 -0.000000   0.000000  0.000000  -0.000000 -0.000000 )
(   0.192376  0.076948  -0.253640 -0.101509  -0.000000 -0.000000 )
(  -0.253640 -0.101509   0.192376  0.076948   0.000000  0.000000 )
(  -0.028888 -0.011516  -0.028888 -0.011516  -0.000000 -0.000000 )
(  -0.028888 -0.011516  -0.028888 -0.011516  -0.000000 -0.000000 )
(  -0.404401 -0.161816   0.404401  0.161816   0.000000  0.000000 )
(  -0.404401 -0.161816   0.404401  0.161816   0.000000  0.000000 )
(   0.014291  0.005716  -0.026481 -0.010597   0.000000  0.000000 )
(  -0.026481 -0.010597   0.014291  0.005716  -0.000000 -0.000000 )
   freq (   28) =     2.67051081 [THz] =    89.07863944 [cm-1]
(   0.000000  0.000000  -0.000000  0.000000  -0.000000 -0.000000 )
(   0.000000 -0.000000   0.000000 -0.000000   0.000000  0.000000 )
(  -0.273197 -0.000774  -0.207193 -0.000626  -0.000000  0.000000 )
(  -0.207193 -0.000626  -0.273197 -0.000774  -0.000000  0.000000 )
(   0.435572  0.001261   0.435572  0.001261   0.000000 -0.000000 )
(   0.435572  0.001261   0.435572  0.001261   0.000000  0.000000 )
(  -0.031098 -0.000130   0.031098  0.000130   0.000000  0.000000 )
(  -0.031098 -0.000130   0.031098  0.000130  -0.000000 -0.000000 )
(  -0.028522 -0.000081  -0.015392 -0.000047   0.000000  0.000000 )
(  -0.015392 -0.000047  -0.028522 -0.000081   0.000000 -0.000000 )
   freq (   29) =     3.29572222 [THz] =   109.93344426 [cm-1]
(  -0.019258  0.000000   0.019179  0.000000   0.000000  0.000000 )
(   0.024804  0.000000  -0.024866 -0.000000  -0.000000  0.000000 )
(  -0.000000  0.000000   0.000000 -0.000000   0.000000  0.000000 )
(   0.000000 -0.000000  -0.000000  0.000000  -0.000000  0.000000 )
(   0.031364  0.000000  -0.029765 -0.000000  -0.000000  0.000000 )
(  -0.031364 -0.000000   0.029765  0.000000   0.000000 -0.000000 )
(  -0.498521 -0.000000   0.498619  0.000000   0.000000  0.000000 )
(   0.498521  0.000000  -0.498619 -0.000000  -0.000000 -0.000000 )
(  -0.000000  0.000000   0.000000 -0.000000  -0.000000  0.000000 )
(   0.000000 -0.000000   0.000000  0.000000  -0.000000  0.000000 )
   freq (   30) =     3.29572222 [THz] =   109.93344426 [cm-1]
(   0.024804  0.000000   0.024866  0.000000   0.000000  0.000000 )
(   0.019258  0.000000   0.019179  0.000000   0.000000 -0.000000 )
(  -0.000000 -0.000000   0.000000 -0.000000   0.000000  0.000000 )
(   0.000000  0.000000   0.000000  0.000000  -0.000000  0.000000 )
(  -0.498521 -0.000000  -0.498619 -0.000000  -0.000000 -0.000000 )
(   0.498521  0.000000   0.498619  0.000000   0.000000  0.000000 )
(  -0.031364 -0.000000  -0.029765 -0.000000  -0.000000  0.000000 )
(   0.031364  0.000000   0.029765 -0.000000   0.000000 -0.000000 )
(  -0.000000  0.000000   0.000000  0.000000  -0.000000  0.000000 )
(   0.000000 -0.000000  -0.000000 -0.000000   0.000000  0.000000 )
***************************************************************************
