Dynamical matrix file
File generated with the CellConstructor by Lorenzo Monacelli
3 5 0     1.8897259890000000     0.0000000000000000     0.0000000000000000     0.0000000000000000     0.0000000000000000     0.0000000000000000
Basis vectors
    6.2340501132548267     0.0000000000000000     0.0000000000000000
    0.0000000000000000     6.2340501132548267     0.0000000000000000
    0.0000000000000000     0.0000000000000000     6.2340501132548267
	1  'Cs '  121135.9130928798404057
	2  'Pb '  188851.2534489461977500
	3  'I '  115666.3524506476387614
    1     1     3.1170250566274138     3.1170250566274138     3.1170250566274138
    2     2     0.0000000000000004     0.0000000000000004     0.0000000000000004
    3     3     3.1170250566274138     0.0000000000000004     0.0000000000000004
    4     3     0.0000000000000004     0.0000000000000004     3.1170250566274138
    5     3     0.0000000000000004     3.1170250566274138     0.0000000000000004

     Dynamical Matrix in cartesian axes

     q = (    -0.080204680892    -0.080204680892    -0.080204680892 )

    1    1
     0.0102408178269962     0.0000000000000000        0.0000000000000000     0.0000000000000000        0.0000000000000000     0.0000000000000000
     0.0000000000000000     0.0000000000000000        0.0102408178269962     0.0000000000000000        0.0000000000000000     0.0000000000000000
     0.0000000000000000     0.0000000000000000        0.0000000000000000     0.0000000000000000        0.0102408178269962     0.0000000000000000
    1    2
     0.0000000000000000     0.0000000000000000       -0.0000000000000000     0.0000000000000000       -0.0000000000000000     0.0000000000000000
    -0.0000000000000000     0.0000000000000000        0.0000000000000000     0.0000000000000000       -0.0000000000000000     0.0000000000000000
    -0.0000000000000000     0.0000000000000000       -0.0000000000000000     0.0000000000000000        0.0000000000000000     0.0000000000000000
    1    3
     0.0000000000000000     0.0000000000000000        0.0000000000000000     0.0000000000000000        0.0000000000000000     0.0000000000000000
     0.0000000000000000     0.0000000000000000        0.0000000000000000     0.0000000000000000       -0.0019978773377403     0.0000000000000000
     0.0000000000000000     0.0000000000000000       -0.0019978773377403     0.0000000000000000        0.0000000000000000     0.0000000000000000
    1    4
     0.0000000000000000     0.0000000000000000       -0.0019978773377403     0.0000000000000000        0.0000000000000000     0.0000000000000000
    -0.0019978773377403     0.0000000000000000        0.0000000000000000     0.0000000000000000        0.0000000000000000     0.0000000000000000
    -0.0000000000000000     0.0000000000000000        0.0000000000000000     0.0000000000000000        0.0000000000000000     0.0000000000000000
    1    5
     0.0000000000000000     0.0000000000000000       -0.0000000000000000     0.0000000000000000       -0.0019978773377403     0.0000000000000000
     0.0000000000000000     0.0000000000000000        0.0000000000000000     0.0000000000000000        0.0000000000000000     0.0000000000000000
    -0.0019978773377403     0.0000000000000000        0.0000000000000000     0.0000000000000000        0.0000000000000000     0.0000000000000000
    2    1
     0.0000000000000000     0.0000000000000000        0.0000000000000000     0.0000000000000000        0.0000000000000000     0.0000000000000000
     0.0000000000000000     0.0000000000000000        0.0000000000000000     0.0000000000000000        0.0000000000000000     0.0000000000000000
     0.0000000000000000     0.0000000000000000        0.0000000000000000     0.0000000000000000        0.0000000000000000     0.0000000000000000
    2    2
     0.0864357027542672     0.0000000000000000        0.0000000000000000     0.0000000000000000        0.0000000000000000     0.0000000000000000
     0.0000000000000000     0.0000000000000000        0.0864357027542672     0.0000000000000000        0.0000000000000000     0.0000000000000000
     0.0000000000000000     0.0000000000000000        0.0000000000000000     0.0000000000000000        0.0864357027542672     0.0000000000000000
    2    3
     0.0000000000000000     0.0000000000000000        0.0000000000000000     0.0000000000000000        0.0000000000000000     0.0000000000000000
     0.0000000000000000     0.0000000000000000        0.0000000000000000     0.0000000000000000        0.0000000000000000     0.0000000000000000
     0.0000000000000000     0.0000000000000000        0.0000000000000000     0.0000000000000000        0.0000000000000000     0.0000000000000000
    2    4
     0.0000000000000000     0.0000000000000000        0.0000000000000000     0.0000000000000000        0.0000000000000000     0.0000000000000000
     0.0000000000000000     0.0000000000000000        0.0000000000000000     0.0000000000000000        0.0000000000000000     0.0000000000000000
     0.0000000000000000     0.0000000000000000        0.0000000000000000     0.0000000000000000        0.0000000000000000     0.0000000000000000
    2    5
     0.0000000000000000     0.0000000000000000        0.0000000000000000     0.0000000000000000        0.0000000000000000     0.0000000000000000
     0.0000000000000000     0.0000000000000000        0.0000000000000000     0.0000000000000000        0.0000000000000000     0.0000000000000000
     0.0000000000000000     0.0000000000000000        0.0000000000000000     0.0000000000000000        0.0000000000000000     0.0000000000000000
    3    1
     0.0000000000000000     0.0000000000000000       -0.0000000000000000     0.0000000000000000        0.0000000000000000     0.0000000000000000
     0.0000000000000000     0.0000000000000000        0.0000000000000000     0.0000000000000000       -0.0019978773377403     0.0000000000000000
     0.0000000000000000     0.0000000000000000       -0.0019978773377403     0.0000000000000000        0.0000000000000000     0.0000000000000000
    3    2
    -0.0000000000000000     0.0000000000000000        0.0000000000000000     0.0000000000000000        0.0000000000000000     0.0000000000000000
     0.0000000000000000     0.0000000000000000       -0.0000000000000000     0.0000000000000000        0.0000000000000000     0.0000000000000000
     0.0000000000000000     0.0000000000000000        0.0000000000000000     0.0000000000000000       -0.0000000000000000     0.0000000000000000
    3    3
     0.1187366780923709     0.0000000000000000        0.0000000000000000     0.0000000000000000        0.0000000000000000     0.0000000000000000
     0.0000000000000000     0.0000000000000000        0.0104881983283931     0.0000000000000000        0.0000000000000000     0.0000000000000000
     0.0000000000000000     0.0000000000000000        0.0000000000000000     0.0000000000000000        0.0104881983283931     0.0000000000000000
    3    4
     0.0000000000000000     0.0000000000000000        0.0000000000000000     0.0000000000000000        0.0101542142398828     0.0000000000000000
     0.0000000000000000     0.0000000000000000        0.0000000000000000     0.0000000000000000       -0.0000000000000000     0.0000000000000000
     0.0088270483869942     0.0000000000000000        0.0000000000000000     0.0000000000000000        0.0000000000000000     0.0000000000000000
    3    5
     0.0000000000000000     0.0000000000000000        0.0101542142398828     0.0000000000000000        0.0000000000000000     0.0000000000000000
     0.0088270483869942     0.0000000000000000        0.0000000000000000     0.0000000000000000        0.0000000000000000     0.0000000000000000
     0.0000000000000000     0.0000000000000000       -0.0000000000000000     0.0000000000000000        0.0000000000000000     0.0000000000000000
    4    1
     0.0000000000000000     0.0000000000000000       -0.0019978773377403     0.0000000000000000        0.0000000000000000     0.0000000000000000
    -0.0019978773377403     0.0000000000000000        0.0000000000000000     0.0000000000000000        0.0000000000000000     0.0000000000000000
     0.0000000000000000     0.0000000000000000        0.0000000000000000     0.0000000000000000        0.0000000000000000     0.0000000000000000
    4    2
    -0.0000000000000000     0.0000000000000000        0.0000000000000000     0.0000000000000000        0.0000000000000000     0.0000000000000000
    -0.0000000000000000     0.0000000000000000       -0.0000000000000000     0.0000000000000000        0.0000000000000000     0.0000000000000000
     0.0000000000000000     0.0000000000000000        0.0000000000000000     0.0000000000000000       -0.0000000000000000     0.0000000000000000
    4    3
     0.0000000000000000     0.0000000000000000        0.0000000000000000     0.0000000000000000        0.0088270483869942     0.0000000000000000
    -0.0000000000000000     0.0000000000000000        0.0000000000000000     0.0000000000000000        0.0000000000000000     0.0000000000000000
     0.0101542142398828     0.0000000000000000        0.0000000000000000     0.0000000000000000        0.0000000000000000     0.0000000000000000
    4    4
     0.0104881983283931     0.0000000000000000        0.0000000000000000     0.0000000000000000        0.0000000000000000     0.0000000000000000
     0.0000000000000000     0.0000000000000000        0.0104881983283931     0.0000000000000000        0.0000000000000000     0.0000000000000000
     0.0000000000000000     0.0000000000000000        0.0000000000000000     0.0000000000000000        0.1187366780923709     0.0000000000000000
    4    5
     0.0000000000000000     0.0000000000000000        0.0000000000000000     0.0000000000000000        0.0000000000000000     0.0000000000000000
     0.0000000000000000     0.0000000000000000        0.0000000000000000     0.0000000000000000        0.0088270483869942     0.0000000000000000
    -0.0000000000000000     0.0000000000000000        0.0101542142398828     0.0000000000000000        0.0000000000000000     0.0000000000000000
    5    1
     0.0000000000000000     0.0000000000000000        0.0000000000000000     0.0000000000000000       -0.0019978773377403     0.0000000000000000
     0.0000000000000000     0.0000000000000000        0.0000000000000000     0.0000000000000000        0.0000000000000000     0.0000000000000000
    -0.0019978773377403     0.0000000000000000        0.0000000000000000     0.0000000000000000        0.0000000000000000     0.0000000000000000
    5    2
    -0.0000000000000000     0.0000000000000000        0.0000000000000000     0.0000000000000000       -0.0000000000000000     0.0000000000000000
     0.0000000000000000     0.0000000000000000       -0.0000000000000000     0.0000000000000000        0.0000000000000000     0.0000000000000000
    -0.0000000000000000     0.0000000000000000        0.0000000000000000     0.0000000000000000       -0.0000000000000000     0.0000000000000000
    5    3
     0.0000000000000000     0.0000000000000000        0.0088270483869942     0.0000000000000000        0.0000000000000000     0.0000000000000000
     0.0101542142398828     0.0000000000000000        0.0000000000000000     0.0000000000000000        0.0000000000000000     0.0000000000000000
     0.0000000000000000     0.0000000000000000        0.0000000000000000     0.0000000000000000        0.0000000000000000     0.0000000000000000
    5    4
     0.0000000000000000     0.0000000000000000        0.0000000000000000     0.0000000000000000        0.0000000000000000     0.0000000000000000
    -0.0000000000000000     0.0000000000000000        0.0000000000000000     0.0000000000000000        0.0101542142398828     0.0000000000000000
     0.0000000000000000     0.0000000000000000        0.0088270483869942     0.0000000000000000        0.0000000000000000     0.0000000000000000
    5    5
     0.0104881983283931     0.0000000000000000        0.0000000000000000     0.0000000000000000        0.0000000000000000     0.0000000000000000
     0.0000000000000000     0.0000000000000000        0.1187366780923709     0.0000000000000000        0.0000000000000000     0.0000000000000000
     0.0000000000000000     0.0000000000000000        0.0000000000000000     0.0000000000000000        0.0104881983283931     0.0000000000000000

     Diagonalizing the dynamical matrix

     q = (    -0.080204680892    -0.080204680892    -0.080204680892 )

***************************************************************************
   freq (    1) =     0.39425406 [THz] =    13.15089792 [cm-1]
(   0.000000  0.000000   0.000000  0.000000  -0.000000  0.000000 )
(   0.000000  0.000000   0.000000  0.000000   0.000000  0.000000 )
(  -0.000000  0.000000  -0.680353  0.000000   0.188750  0.000000 )
(  -0.188750  0.000000  -0.038637  0.000000   0.000000  0.000000 )
(   0.680353  0.000000  -0.000000  0.000000   0.038637  0.000000 )
   freq (    2) =     0.39425406 [THz] =    13.15089792 [cm-1]
(   0.000000  0.000000   0.000000  0.000000  -0.000000  0.000000 )
(   0.000000  0.000000  -0.000000  0.000000   0.000000  0.000000 )
(   0.000000  0.000000  -0.112691  0.000000  -0.504878  0.000000 )
(   0.504878  0.000000  -0.482078  0.000000   0.000000  0.000000 )
(   0.112691  0.000000  -0.000000  0.000000   0.482078  0.000000 )
   freq (    3) =     0.39425406 [THz] =    13.15089792 [cm-1]
(   0.000000  0.000000   0.000000  0.000000  -0.000000  0.000000 )
(  -0.000000  0.000000   0.000000  0.000000  -0.000000  0.000000 )
(   0.000000  0.000000   0.156269  0.000000   0.457681  0.000000 )
(  -0.457681  0.000000  -0.515856  0.000000  -0.000000  0.000000 )
(  -0.156269  0.000000   0.000000  0.000000   0.515856  0.000000 )
   freq (    4) =     0.91955858 [THz] =    30.67316828 [cm-1]
(  -0.964233  0.000000   0.000000  0.000000   0.000000  0.000000 )
(   0.000000  0.000000   0.000000  0.000000   0.000000  0.000000 )
(   0.000000  0.000000   0.000000  0.000000   0.000000  0.000000 )
(   0.000000  0.000000  -0.187423  0.000000   0.000000  0.000000 )
(   0.000000  0.000000   0.000000  0.000000  -0.187423  0.000000 )
   freq (    5) =     0.91955858 [THz] =    30.67316828 [cm-1]
(  -0.000000  0.000000  -0.894789  0.000000   0.359301  0.000000 )
(  -0.000000  0.000000   0.000000  0.000000  -0.000000  0.000000 )
(   0.000000  0.000000   0.069839  0.000000  -0.173925  0.000000 )
(  -0.173925  0.000000   0.000000  0.000000  -0.000000  0.000000 )
(   0.069839  0.000000  -0.000000  0.000000   0.000000  0.000000 )
   freq (    6) =     0.91955858 [THz] =    30.67316828 [cm-1]
(  -0.000000  0.000000  -0.359301  0.000000  -0.894789  0.000000 )
(   0.000000  0.000000  -0.000000  0.000000   0.000000  0.000000 )
(  -0.000000  0.000000  -0.173925  0.000000  -0.069839  0.000000 )
(  -0.069839  0.000000   0.000000  0.000000   0.000000  0.000000 )
(  -0.173925  0.000000   0.000000  0.000000  -0.000000  0.000000 )
   freq (    7) =     1.36994514 [THz] =    45.69644460 [cm-1]
(   0.000000  0.000000   0.001843  0.000000  -0.253870  0.000000 )
(  -0.000000  0.000000   0.000000  0.000000   0.000000  0.000000 )
(  -0.000000  0.000000   0.683921  0.000000  -0.004965  0.000000 )
(  -0.004965  0.000000   0.000000  0.000000   0.000000  0.000000 )
(   0.683921  0.000000   0.000000  0.000000   0.000000  0.000000 )
   freq (    8) =     1.36994514 [THz] =    45.69644460 [cm-1]
(  -0.253877  0.000000  -0.000000  0.000000   0.000000  0.000000 )
(   0.000000  0.000000   0.000000  0.000000   0.000000  0.000000 )
(   0.000000  0.000000   0.000000  0.000000   0.000000  0.000000 )
(   0.000000  0.000000   0.683939  0.000000   0.000000  0.000000 )
(   0.000000  0.000000   0.000000  0.000000   0.683939  0.000000 )
   freq (    9) =     1.36994514 [THz] =    45.69644460 [cm-1]
(  -0.000000  0.000000  -0.253870  0.000000  -0.001843  0.000000 )
(   0.000000  0.000000   0.000000  0.000000   0.000000  0.000000 )
(  -0.000000  0.000000   0.004965  0.000000   0.683921  0.000000 )
(   0.683921  0.000000  -0.000000  0.000000   0.000000  0.000000 )
(   0.004965  0.000000   0.000000  0.000000  -0.000000  0.000000 )
   freq (   10) =     2.22567589 [THz] =    74.24054599 [cm-1]
(  -0.000000  0.000000  -0.000000  0.000000   0.000000  0.000000 )
(  -0.218997  0.000000   0.816427  0.000000   0.534310  0.000000 )
(   0.000000  0.000000   0.000000  0.000000   0.000000  0.000000 )
(   0.000000  0.000000   0.000000  0.000000   0.000000  0.000000 )
(  -0.000000  0.000000  -0.000000  0.000000   0.000000  0.000000 )
   freq (   11) =     2.22567589 [THz] =    74.24054599 [cm-1]
(   0.000000  0.000000   0.000000  0.000000  -0.000000  0.000000 )
(   0.115986  0.000000   0.565503  0.000000  -0.816550  0.000000 )
(   0.000000  0.000000  -0.000000  0.000000  -0.000000  0.000000 )
(   0.000000  0.000000  -0.000000  0.000000   0.000000  0.000000 )
(   0.000000  0.000000  -0.000000  0.000000   0.000000  0.000000 )
   freq (   12) =     2.22567589 [THz] =    74.24054599 [cm-1]
(  -0.000000  0.000000  -0.000000  0.000000  -0.000000  0.000000 )
(  -0.968807  0.000000  -0.116849  0.000000  -0.218538  0.000000 )
(  -0.000000  0.000000  -0.000000  0.000000   0.000000  0.000000 )
(   0.000000  0.000000  -0.000000  0.000000   0.000000  0.000000 )
(   0.000000  0.000000  -0.000000  0.000000   0.000000  0.000000 )
   freq (   13) =     3.18751033 [THz] =   106.32388456 [cm-1]
(  -0.000000  0.000000   0.000000  0.000000   0.000000  0.000000 )
(  -0.000000  0.000000   0.000000  0.000000  -0.000000  0.000000 )
(  -0.176189  0.000000  -0.000000  0.000000   0.000000  0.000000 )
(  -0.000000  0.000000  -0.000000  0.000000  -0.602353  0.000000 )
(  -0.000000  0.000000   0.778542  0.000000   0.000000  0.000000 )
   freq (   14) =     3.18751033 [THz] =   106.32388456 [cm-1]
(  -0.000000  0.000000   0.000000  0.000000   0.000000  0.000000 )
(  -0.000000  0.000000   0.000000  0.000000   0.000000  0.000000 )
(  -0.797260  0.000000  -0.000000  0.000000   0.000000  0.000000 )
(  -0.000000  0.000000  -0.000000  0.000000   0.551214  0.000000 )
(  -0.000000  0.000000   0.246046  0.000000   0.000000  0.000000 )
   freq (   15) =     3.60702879 [THz] =   120.31751231 [cm-1]
(  -0.000000  0.000000   0.000000  0.000000   0.000000  0.000000 )
(  -0.000000  0.000000  -0.000000  0.000000  -0.000000  0.000000 )
(  -0.577350  0.000000  -0.000000  0.000000  -0.000000  0.000000 )
(   0.000000  0.000000   0.000000  0.000000  -0.577350  0.000000 )
(  -0.000000  0.000000  -0.577350  0.000000  -0.000000  0.000000 )
***************************************************************************
