Dynamical matrix file
File generated with the CellConstructor by Lorenzo Monacelli
3 5 0     1.8897259890000000     0.0000000000000000     0.0000000000000000     0.0000000000000000     0.0000000000000000     0.0000000000000000
Basis vectors
    6.2340501132548267     0.0000000000000000     0.0000000000000000
    0.0000000000000000     6.2340501132548267     0.0000000000000000
    0.0000000000000000     0.0000000000000000     6.2340501132548267
	1  'Cs '  121135.9130928798404057
	2  'Pb '  188851.2534489461977500
	3  'I '  115666.3524506476387614
    1     1     3.1170250566274138     3.1170250566274138     3.1170250566274138
    2     2     0.0000000000000004     0.0000000000000004     0.0000000000000004
    3     3     3.1170250566274138     0.0000000000000004     0.0000000000000004
    4     3     0.0000000000000004     0.0000000000000004     3.1170250566274138
    5     3     0.0000000000000004     3.1170250566274138     0.0000000000000004

     Dynamical Matrix in cartesian axes

     q = (     0.000000000000     0.000000000000     0.000000000000 )

    1    1
     0.0104706647829294     0.0000000000000000        0.0000000000000000     0.0000000000000000        0.0000000000000000     0.0000000000000000
     0.0000000000000000     0.0000000000000000        0.0104706647829294     0.0000000000000000        0.0000000000000000     0.0000000000000000
     0.0000000000000000     0.0000000000000000        0.0000000000000000     0.0000000000000000        0.0104706647829294     0.0000000000000000
    1    2
    -0.0032415448772196     0.0000000000000000        0.0000000000000000     0.0000000000000000        0.0000000000000000     0.0000000000000000
     0.0000000000000000     0.0000000000000000       -0.0032415448772196     0.0000000000000000        0.0000000000000000     0.0000000000000000
     0.0000000000000000     0.0000000000000000        0.0000000000000000     0.0000000000000000       -0.0032415448772196     0.0000000000000000
    1    3
    -0.0002778931223706     0.0000000000000000        0.0000000000000000     0.0000000000000000        0.0000000000000000     0.0000000000000000
     0.0000000000000000     0.0000000000000000       -0.0034756133916696     0.0000000000000000        0.0000000000000000     0.0000000000000000
     0.0000000000000000     0.0000000000000000        0.0000000000000000     0.0000000000000000       -0.0034756133916696     0.0000000000000000
    1    4
    -0.0034756133916696     0.0000000000000000        0.0000000000000000     0.0000000000000000        0.0000000000000000     0.0000000000000000
     0.0000000000000000     0.0000000000000000       -0.0034756133916696     0.0000000000000000        0.0000000000000000     0.0000000000000000
     0.0000000000000000     0.0000000000000000        0.0000000000000000     0.0000000000000000       -0.0002778931223706     0.0000000000000000
    1    5
    -0.0034756133916696     0.0000000000000000        0.0000000000000000     0.0000000000000000        0.0000000000000000     0.0000000000000000
     0.0000000000000000     0.0000000000000000       -0.0002778931223706     0.0000000000000000        0.0000000000000000     0.0000000000000000
     0.0000000000000000     0.0000000000000000        0.0000000000000000     0.0000000000000000       -0.0034756133916696     0.0000000000000000
    2    1
    -0.0032415448772196     0.0000000000000000        0.0000000000000000     0.0000000000000000        0.0000000000000000     0.0000000000000000
     0.0000000000000000     0.0000000000000000       -0.0032415448772196     0.0000000000000000        0.0000000000000000     0.0000000000000000
     0.0000000000000000     0.0000000000000000        0.0000000000000000     0.0000000000000000       -0.0032415448772196     0.0000000000000000
    2    2
     0.0494479424283252     0.0000000000000000        0.0000000000000000     0.0000000000000000        0.0000000000000000     0.0000000000000000
     0.0000000000000000     0.0000000000000000        0.0494479424283252     0.0000000000000000        0.0000000000000000     0.0000000000000000
     0.0000000000000000     0.0000000000000000        0.0000000000000000     0.0000000000000000        0.0494479424283252     0.0000000000000000
    2    3
    -0.0454346333282466     0.0000000000000000        0.0000000000000000     0.0000000000000000        0.0000000000000000     0.0000000000000000
     0.0000000000000000     0.0000000000000000       -0.0003858821114295     0.0000000000000000        0.0000000000000000     0.0000000000000000
     0.0000000000000000     0.0000000000000000        0.0000000000000000     0.0000000000000000       -0.0003858821114295     0.0000000000000000
    2    4
    -0.0003858821114295     0.0000000000000000        0.0000000000000000     0.0000000000000000        0.0000000000000000     0.0000000000000000
     0.0000000000000000     0.0000000000000000       -0.0003858821114295     0.0000000000000000        0.0000000000000000     0.0000000000000000
     0.0000000000000000     0.0000000000000000        0.0000000000000000     0.0000000000000000       -0.0454346333282466     0.0000000000000000
    2    5
    -0.0003858821114295     0.0000000000000000        0.0000000000000000     0.0000000000000000        0.0000000000000000     0.0000000000000000
     0.0000000000000000     0.0000000000000000       -0.0454346333282466     0.0000000000000000        0.0000000000000000     0.0000000000000000
     0.0000000000000000     0.0000000000000000        0.0000000000000000     0.0000000000000000       -0.0003858821114295     0.0000000000000000
    3    1
    -0.0002778931223706     0.0000000000000000        0.0000000000000000     0.0000000000000000        0.0000000000000000     0.0000000000000000
     0.0000000000000000     0.0000000000000000       -0.0034756133916696     0.0000000000000000        0.0000000000000000     0.0000000000000000
     0.0000000000000000     0.0000000000000000        0.0000000000000000     0.0000000000000000       -0.0034756133916696     0.0000000000000000
    3    2
    -0.0454346333282466     0.0000000000000000        0.0000000000000000     0.0000000000000000        0.0000000000000000     0.0000000000000000
     0.0000000000000000     0.0000000000000000       -0.0003858821114295     0.0000000000000000        0.0000000000000000     0.0000000000000000
     0.0000000000000000     0.0000000000000000        0.0000000000000000     0.0000000000000000       -0.0003858821114295     0.0000000000000000
    3    3
     0.0605745394386252     0.0000000000000000        0.0000000000000000     0.0000000000000000        0.0000000000000000     0.0000000000000000
     0.0000000000000000     0.0000000000000000        0.0104707429685968     0.0000000000000000        0.0000000000000000     0.0000000000000000
     0.0000000000000000     0.0000000000000000        0.0000000000000000     0.0000000000000000        0.0104707429685968     0.0000000000000000
    3    4
    -0.0074310064940040     0.0000000000000000        0.0000000000000000     0.0000000000000000        0.0000000000000000     0.0000000000000000
     0.0000000000000000     0.0000000000000000        0.0008217590285063     0.0000000000000000        0.0000000000000000     0.0000000000000000
     0.0000000000000000     0.0000000000000000        0.0000000000000000     0.0000000000000000       -0.0074310064940040     0.0000000000000000
    3    5
    -0.0074310064940040     0.0000000000000000        0.0000000000000000     0.0000000000000000        0.0000000000000000     0.0000000000000000
     0.0000000000000000     0.0000000000000000       -0.0074310064940040     0.0000000000000000        0.0000000000000000     0.0000000000000000
     0.0000000000000000     0.0000000000000000        0.0000000000000000     0.0000000000000000        0.0008217590285063     0.0000000000000000
    4    1
    -0.0034756133916696     0.0000000000000000        0.0000000000000000     0.0000000000000000        0.0000000000000000     0.0000000000000000
     0.0000000000000000     0.0000000000000000       -0.0034756133916696     0.0000000000000000        0.0000000000000000     0.0000000000000000
     0.0000000000000000     0.0000000000000000        0.0000000000000000     0.0000000000000000       -0.0002778931223706     0.0000000000000000
    4    2
    -0.0003858821114295     0.0000000000000000        0.0000000000000000     0.0000000000000000        0.0000000000000000     0.0000000000000000
     0.0000000000000000     0.0000000000000000       -0.0003858821114295     0.0000000000000000        0.0000000000000000     0.0000000000000000
     0.0000000000000000     0.0000000000000000        0.0000000000000000     0.0000000000000000       -0.0454346333282466     0.0000000000000000
    4    3
    -0.0074310064940040     0.0000000000000000        0.0000000000000000     0.0000000000000000        0.0000000000000000     0.0000000000000000
     0.0000000000000000     0.0000000000000000        0.0008217590285063     0.0000000000000000        0.0000000000000000     0.0000000000000000
     0.0000000000000000     0.0000000000000000        0.0000000000000000     0.0000000000000000       -0.0074310064940040     0.0000000000000000
    4    4
     0.0104707429685968     0.0000000000000000        0.0000000000000000     0.0000000000000000        0.0000000000000000     0.0000000000000000
     0.0000000000000000     0.0000000000000000        0.0104707429685968     0.0000000000000000        0.0000000000000000     0.0000000000000000
     0.0000000000000000     0.0000000000000000        0.0000000000000000     0.0000000000000000        0.0605745394386252     0.0000000000000000
    4    5
     0.0008217590285063     0.0000000000000000        0.0000000000000000     0.0000000000000000        0.0000000000000000     0.0000000000000000
     0.0000000000000000     0.0000000000000000       -0.0074310064940040     0.0000000000000000        0.0000000000000000     0.0000000000000000
     0.0000000000000000     0.0000000000000000        0.0000000000000000     0.0000000000000000       -0.0074310064940040     0.0000000000000000
    5    1
    -0.0034756133916696     0.0000000000000000        0.0000000000000000     0.0000000000000000        0.0000000000000000     0.0000000000000000
     0.0000000000000000     0.0000000000000000       -0.0002778931223706     0.0000000000000000        0.0000000000000000     0.0000000000000000
     0.0000000000000000     0.0000000000000000        0.0000000000000000     0.0000000000000000       -0.0034756133916696     0.0000000000000000
    5    2
    -0.0003858821114295     0.0000000000000000        0.0000000000000000     0.0000000000000000        0.0000000000000000     0.0000000000000000
     0.0000000000000000     0.0000000000000000       -0.0454346333282466     0.0000000000000000        0.0000000000000000     0.0000000000000000
     0.0000000000000000     0.0000000000000000        0.0000000000000000     0.0000000000000000       -0.0003858821114295     0.0000000000000000
    5    3
    -0.0074310064940040     0.0000000000000000        0.0000000000000000     0.0000000000000000        0.0000000000000000     0.0000000000000000
     0.0000000000000000     0.0000000000000000       -0.0074310064940040     0.0000000000000000        0.0000000000000000     0.0000000000000000
     0.0000000000000000     0.0000000000000000        0.0000000000000000     0.0000000000000000        0.0008217590285063     0.0000000000000000
    5    4
     0.0008217590285063     0.0000000000000000        0.0000000000000000     0.0000000000000000        0.0000000000000000     0.0000000000000000
     0.0000000000000000     0.0000000000000000       -0.0074310064940040     0.0000000000000000        0.0000000000000000     0.0000000000000000
     0.0000000000000000     0.0000000000000000        0.0000000000000000     0.0000000000000000       -0.0074310064940040     0.0000000000000000
    5    5
     0.0104707429685968     0.0000000000000000        0.0000000000000000     0.0000000000000000        0.0000000000000000     0.0000000000000000
     0.0000000000000000     0.0000000000000000        0.0605745394386252     0.0000000000000000        0.0000000000000000     0.0000000000000000
     0.0000000000000000     0.0000000000000000        0.0000000000000000     0.0000000000000000        0.0104707429685968     0.0000000000000000

     Diagonalizing the dynamical matrix

     q = (     0.000000000000     0.000000000000     0.000000000000 )

***************************************************************************
   freq (    1) =    -0.00000003 [THz] =    -0.00000105 [cm-1]
(   0.002327  0.000000   0.034793  0.000000   0.445852  0.000000 )
(   0.002327  0.000000   0.034793  0.000000   0.445852  0.000000 )
(   0.002327  0.000000   0.034793  0.000000   0.445852  0.000000 )
(   0.002327  0.000000   0.034793  0.000000   0.445852  0.000000 )
(   0.002327  0.000000   0.034793  0.000000   0.445852  0.000000 )
   freq (    2) =     0.00000003 [THz] =     0.00000088 [cm-1]
(   0.001613  0.000000   0.445854  0.000000  -0.034802  0.000000 )
(   0.001613  0.000000   0.445854  0.000000  -0.034802  0.000000 )
(   0.001613  0.000000   0.445854  0.000000  -0.034802  0.000000 )
(   0.001613  0.000000   0.445854  0.000000  -0.034802  0.000000 )
(   0.001613  0.000000   0.445854  0.000000  -0.034802  0.000000 )
   freq (    3) =     0.00000003 [THz] =     0.00000097 [cm-1]
(   0.447205  0.000000  -0.001789  0.000000  -0.002194  0.000000 )
(   0.447205  0.000000  -0.001789  0.000000  -0.002194  0.000000 )
(   0.447205  0.000000  -0.001789  0.000000  -0.002194  0.000000 )
(   0.447205  0.000000  -0.001789  0.000000  -0.002194  0.000000 )
(   0.447205  0.000000  -0.001789  0.000000  -0.002194  0.000000 )
   freq (    4) =     0.95019457 [THz] =    31.69507480 [cm-1]
(  -0.000000  0.000000  -0.000000  0.000000   0.000000  0.000000 )
(   0.000000  0.000000   0.000000  0.000000  -0.000000  0.000000 )
(   0.000000  0.000000  -0.252549  0.000000  -0.657099  0.000000 )
(  -0.066628  0.000000   0.252549  0.000000  -0.000000  0.000000 )
(   0.066628  0.000000  -0.000000  0.000000   0.657099  0.000000 )
   freq (    5) =     0.95019457 [THz] =    31.69507480 [cm-1]
(   0.000000  0.000000  -0.000000  0.000000  -0.000000  0.000000 )
(  -0.000000  0.000000   0.000000  0.000000   0.000000  0.000000 )
(  -0.000000  0.000000   0.656417  0.000000  -0.241829  0.000000 )
(  -0.103129  0.000000  -0.656417  0.000000   0.000000  0.000000 )
(   0.103129  0.000000   0.000000  0.000000   0.241829  0.000000 )
   freq (    6) =     0.95019457 [THz] =    31.69507480 [cm-1]
(   0.000000  0.000000   0.000000  0.000000   0.000000  0.000000 )
(  -0.000000  0.000000   0.000000  0.000000  -0.000000  0.000000 )
(  -0.000000  0.000000   0.073048  0.000000  -0.098685  0.000000 )
(   0.696366  0.000000  -0.073048  0.000000  -0.000000  0.000000 )
(  -0.696366  0.000000   0.000000  0.000000   0.098685  0.000000 )
   freq (    7) =     1.01161472 [THz] =    33.74383002 [cm-1]
(  -0.819774  0.000000   0.007310  0.000000   0.001113  0.000000 )
(   0.426413  0.000000  -0.003802  0.000000  -0.000579  0.000000 )
(   0.356628  0.000000   0.000866  0.000000   0.000132  0.000000 )
(  -0.097152  0.000000   0.000866  0.000000  -0.000484  0.000000 )
(  -0.097152  0.000000  -0.003180  0.000000   0.000132  0.000000 )
   freq (    8) =     1.01161472 [THz] =    33.74383002 [cm-1]
(  -0.000157  0.000000  -0.140602  0.000000   0.807660  0.000000 )
(   0.000082  0.000000   0.073136  0.000000  -0.420112  0.000000 )
(   0.000068  0.000000  -0.016663  0.000000   0.095717  0.000000 )
(  -0.000019  0.000000  -0.016663  0.000000  -0.351358  0.000000 )
(  -0.000019  0.000000   0.061167  0.000000   0.095717  0.000000 )
   freq (    9) =     1.01161472 [THz] =    33.74383002 [cm-1]
(   0.007393  0.000000   0.807627  0.000000   0.140598  0.000000 )
(  -0.003845  0.000000  -0.420095  0.000000  -0.073134  0.000000 )
(  -0.003216  0.000000   0.095713  0.000000   0.016662  0.000000 )
(   0.000876  0.000000   0.095713  0.000000  -0.061165  0.000000 )
(   0.000876  0.000000  -0.351344  0.000000   0.016662  0.000000 )
   freq (   10) =     1.22759564 [THz] =    40.94817707 [cm-1]
(  -0.453856  0.000000  -0.028535  0.000000  -0.018644  0.000000 )
(  -0.325700  0.000000  -0.020478  0.000000  -0.013379  0.000000 )
(  -0.143360  0.000000   0.036166  0.000000   0.023629  0.000000 )
(   0.575228  0.000000   0.036166  0.000000  -0.005889  0.000000 )
(   0.575228  0.000000  -0.009013  0.000000   0.023629  0.000000 )
   freq (   11) =     1.22759564 [THz] =    40.94817707 [cm-1]
(   0.028784  0.000000  -0.454189  0.000000  -0.005541  0.000000 )
(   0.020656  0.000000  -0.325939  0.000000  -0.003976  0.000000 )
(   0.009092  0.000000   0.575650  0.000000   0.007022  0.000000 )
(  -0.036481  0.000000   0.575650  0.000000  -0.001750  0.000000 )
(  -0.036481  0.000000  -0.143465  0.000000   0.007022  0.000000 )
   freq (   12) =     1.22759564 [THz] =    40.94817707 [cm-1]
(  -0.018257  0.000000  -0.006704  0.000000   0.454718  0.000000 )
(  -0.013102  0.000000  -0.004811  0.000000   0.326319  0.000000 )
(  -0.005767  0.000000   0.008497  0.000000  -0.576321  0.000000 )
(   0.023140  0.000000   0.008497  0.000000   0.143633  0.000000 )
(   0.023140  0.000000  -0.002118  0.000000  -0.576321  0.000000 )
   freq (   13) =     2.82200832 [THz] =    94.13205172 [cm-1]
(  -0.000000  0.000000  -0.022345  0.000000  -0.006005  0.000000 )
(   0.000000  0.000000   0.433674  0.000000   0.116536  0.000000 )
(  -0.000000  0.000000   0.084780  0.000000   0.022782  0.000000 )
(   0.000000  0.000000   0.084780  0.000000  -0.229546  0.000000 )
(   0.000000  0.000000  -0.854228  0.000000   0.022782  0.000000 )
   freq (   14) =     2.82200832 [THz] =    94.13205172 [cm-1]
(   0.023138  0.000000  -0.000000  0.000000   0.000000  0.000000 )
(  -0.449059  0.000000   0.000000  0.000000  -0.000000  0.000000 )
(   0.884532  0.000000   0.000000  0.000000  -0.000000  0.000000 )
(  -0.087787  0.000000   0.000000  0.000000   0.000000  0.000000 )
(  -0.087787  0.000000  -0.000000  0.000000  -0.000000  0.000000 )
   freq (   15) =     2.82200832 [THz] =    94.13205172 [cm-1]
(   0.000000  0.000000   0.006005  0.000000  -0.022345  0.000000 )
(  -0.000000  0.000000  -0.116536  0.000000   0.433674  0.000000 )
(   0.000000  0.000000  -0.022782  0.000000   0.084780  0.000000 )
(  -0.000000  0.000000  -0.022782  0.000000  -0.854228  0.000000 )
(  -0.000000  0.000000   0.229546  0.000000   0.084780  0.000000 )
***************************************************************************
