Dynamical matrix file
default                                                                    
  2    3   0   6.0288231   0.0000000   0.0000000   0.0000000   0.0000000   0.0000000
Basis vectors
      0.990497041    0.000000000    0.000000000
     -0.495248521    0.857795600    0.000000000
      0.000000000    0.000000000    6.000000000
           1  'Mo  '    87453.075126275595     
           2  'S   '    29225.459655279068     
    1    1     -0.0000000003      0.5718637328      1.0800008886
    2    2      0.4952485198      0.2859318664      1.5786839298
    3    2      0.4952485198      0.2859318664      0.5813151816

     Dynamical  Matrix in cartesian axes

     q = (    0.126199266   0.364305902   0.000000000 ) 

    1    1
  0.45955053   0.00000000    -0.04322168   0.03217715     0.00000404   0.00000067
 -0.04322168  -0.03217715     0.43113300   0.00000000     0.00000416   0.00000006
  0.00000404  -0.00000067     0.00000416  -0.00000006     0.54360901   0.00000000
    1    2
 -0.15066425   0.02059519     0.01537610   0.01688549    -0.00669347  -0.05721088
  0.01503387   0.02328612    -0.07768673  -0.05321348     0.05981466  -0.12553340
 -0.01545940  -0.04383063     0.05625198  -0.09774239    -0.14985963  -0.02754434
    1    3
 -0.15067398   0.02060368     0.01537857   0.01688284     0.00669394   0.05721226
  0.01503105   0.02329700    -0.07769958  -0.05322336    -0.05981057   0.12553255
  0.01546555   0.04382964    -0.05624691   0.09774286    -0.14985539  -0.02753804
    2    1
 -0.15066425  -0.02059519     0.01503387  -0.02328612    -0.01545940   0.04383063
  0.01537610  -0.01688549    -0.07768673   0.05321348     0.05625198   0.09774239
 -0.00669347   0.05721088     0.05981466   0.12553340    -0.14985963   0.02754434
    2    2
  0.20984374   0.00000000     0.00806805  -0.00020020    -0.00080617   0.00168035
  0.00806805   0.00020020     0.23975034  -0.00000000     0.00041187   0.00621696
 -0.00080617  -0.00168035     0.00041187  -0.00621696     0.26663433   0.00000000
    2    3
 -0.00098229  -0.00000124     0.00428134   0.00602383    -0.00102025   0.00507734
  0.00428267  -0.00602185     0.01353204  -0.00000184     0.00551899   0.01224115
  0.00102177   0.00507393    -0.00550983   0.01223106    -0.01926493  -0.00000025
    3    1
 -0.15067398  -0.02060368     0.01503105  -0.02329700     0.01546555  -0.04382964
  0.01537857  -0.01688284    -0.07769958   0.05322336    -0.05624691  -0.09774286
  0.00669394  -0.05721226    -0.05981057  -0.12553255    -0.14985539   0.02753804
    3    2
 -0.00098229   0.00000124     0.00428267   0.00602185     0.00102177  -0.00507393
  0.00428134  -0.00602383     0.01353204   0.00000184    -0.00550983  -0.01223106
 -0.00102025  -0.00507734     0.00551899  -0.01224115    -0.01926493   0.00000025
    3    3
  0.20986144   0.00000000     0.00807638  -0.00023874     0.00080605  -0.00167613
  0.00807638   0.00023874     0.23978800  -0.00000000    -0.00041326  -0.00622121
  0.00080605   0.00167613    -0.00041326   0.00622121     0.26673727   0.00000000

     Dynamical  Matrix in cartesian axes

     q = (   -0.126199266  -0.364305902  -0.000000000 ) 

    1    1
  0.45955053  -0.00000000    -0.04322168  -0.03217715     0.00000404  -0.00000067
 -0.04322168   0.03217715     0.43113300  -0.00000000     0.00000416  -0.00000006
  0.00000404   0.00000067     0.00000416   0.00000006     0.54360901  -0.00000000
    1    2
 -0.15066425  -0.02059519     0.01537610  -0.01688549    -0.00669347   0.05721088
  0.01503387  -0.02328612    -0.07768673   0.05321348     0.05981466   0.12553340
 -0.01545940   0.04383063     0.05625198   0.09774239    -0.14985963   0.02754434
    1    3
 -0.15067398  -0.02060368     0.01537857  -0.01688284     0.00669394  -0.05721226
  0.01503105  -0.02329700    -0.07769958   0.05322336    -0.05981057  -0.12553255
  0.01546555  -0.04382964    -0.05624691  -0.09774286    -0.14985539   0.02753804
    2    1
 -0.15066425   0.02059519     0.01503387   0.02328612    -0.01545940  -0.04383063
  0.01537610   0.01688549    -0.07768673  -0.05321348     0.05625198  -0.09774239
 -0.00669347  -0.05721088     0.05981466  -0.12553340    -0.14985963  -0.02754434
    2    2
  0.20984374  -0.00000000     0.00806805   0.00020020    -0.00080617  -0.00168035
  0.00806805  -0.00020020     0.23975034   0.00000000     0.00041187  -0.00621696
 -0.00080617   0.00168035     0.00041187   0.00621696     0.26663433  -0.00000000
    2    3
 -0.00098229   0.00000124     0.00428134  -0.00602383    -0.00102025  -0.00507734
  0.00428267   0.00602185     0.01353204   0.00000184     0.00551899  -0.01224115
  0.00102177  -0.00507393    -0.00550983  -0.01223106    -0.01926493   0.00000025
    3    1
 -0.15067398   0.02060368     0.01503105   0.02329700     0.01546555   0.04382964
  0.01537857   0.01688284    -0.07769958  -0.05322336    -0.05624691   0.09774286
  0.00669394   0.05721226    -0.05981057   0.12553255    -0.14985539  -0.02753804
    3    2
 -0.00098229  -0.00000124     0.00428267  -0.00602185     0.00102177   0.00507393
  0.00428134   0.00602383     0.01353204  -0.00000184    -0.00550983   0.01223106
 -0.00102025   0.00507734     0.00551899   0.01224115    -0.01926493  -0.00000025
    3    3
  0.20986144  -0.00000000     0.00807638   0.00023874     0.00080605   0.00167613
  0.00807638  -0.00023874     0.23978800   0.00000000    -0.00041326   0.00622121
  0.00080605  -0.00167613    -0.00041326  -0.00622121     0.26673727  -0.00000000

     Dynamical  Matrix in cartesian axes

     q = (   -0.126199266   0.364305902   0.000000000 ) 

    1    1
  0.45955053   0.00000000     0.04322168  -0.03217715    -0.00000404  -0.00000067
  0.04322168   0.03217715     0.43113300   0.00000000     0.00000416   0.00000006
 -0.00000404   0.00000067     0.00000416  -0.00000006     0.54360901   0.00000000
    1    2
 -0.12109871  -0.09197272     0.00106730  -0.02281239    -0.03572120   0.04518720
  0.00583522  -0.02709633    -0.01730520  -0.09256043     0.13106087  -0.04647017
 -0.02006149   0.04192439     0.10889046  -0.02933815    -0.08648997  -0.12544355
    1    3
 -0.12111159  -0.09197359     0.00106368  -0.02281226     0.03572185  -0.04518851
  0.00584491  -0.02710203    -0.01730730  -0.09257650    -0.13105738   0.04647246
  0.02005644  -0.04192803    -0.10888721   0.02934207    -0.08649143  -0.12543610
    2    1
 -0.12109871   0.09197272     0.00583522   0.02709633    -0.02006149  -0.04192439
  0.00106730   0.02281239    -0.01730520   0.09256043     0.10889046   0.02933815
 -0.03572120  -0.04518720     0.13106087   0.04647017    -0.08648997   0.12544355
    2    2
  0.20984374   0.00000000    -0.00806805   0.00020020     0.00080617  -0.00168035
 -0.00806805  -0.00020020     0.23975034   0.00000000     0.00041187   0.00621696
  0.00080617   0.00168035     0.00041187  -0.00621696     0.26663433   0.00000000
    2    3
 -0.00098229  -0.00000124    -0.00428134  -0.00602383     0.00102025  -0.00507734
 -0.00428267   0.00602185     0.01353204  -0.00000184     0.00551899   0.01224115
 -0.00102177  -0.00507393    -0.00550983   0.01223106    -0.01926493  -0.00000025
    3    1
 -0.12111159   0.09197359     0.00584491   0.02710203     0.02005644   0.04192803
  0.00106368   0.02281226    -0.01730730   0.09257650    -0.10888721  -0.02934207
  0.03572185   0.04518851    -0.13105738  -0.04647246    -0.08649143   0.12543610
    3    2
 -0.00098229   0.00000124    -0.00428267  -0.00602185    -0.00102177   0.00507393
 -0.00428134   0.00602383     0.01353204   0.00000184    -0.00550983  -0.01223106
  0.00102025   0.00507734     0.00551899  -0.01224115    -0.01926493   0.00000025
    3    3
  0.20986144   0.00000000    -0.00807638   0.00023874    -0.00080605   0.00167613
 -0.00807638  -0.00023874     0.23978800  -0.00000000    -0.00041326  -0.00622121
 -0.00080605  -0.00167613    -0.00041326   0.00622121     0.26673727   0.00000000

     Dynamical  Matrix in cartesian axes

     q = (    0.126199266  -0.364305902  -0.000000000 ) 

    1    1
  0.45955053  -0.00000000     0.04322168   0.03217715    -0.00000404   0.00000067
  0.04322168  -0.03217715     0.43113300  -0.00000000     0.00000416  -0.00000006
 -0.00000404  -0.00000067     0.00000416   0.00000006     0.54360901  -0.00000000
    1    2
 -0.12109871   0.09197272     0.00106730   0.02281239    -0.03572120  -0.04518720
  0.00583522   0.02709633    -0.01730520   0.09256043     0.13106087   0.04647017
 -0.02006149  -0.04192439     0.10889046   0.02933815    -0.08648997   0.12544355
    1    3
 -0.12111159   0.09197359     0.00106368   0.02281226     0.03572185   0.04518851
  0.00584491   0.02710203    -0.01730730   0.09257650    -0.13105738  -0.04647246
  0.02005644   0.04192803    -0.10888721  -0.02934207    -0.08649143   0.12543610
    2    1
 -0.12109871  -0.09197272     0.00583522  -0.02709633    -0.02006149   0.04192439
  0.00106730  -0.02281239    -0.01730520  -0.09256043     0.10889046  -0.02933815
 -0.03572120   0.04518720     0.13106087  -0.04647017    -0.08648997  -0.12544355
    2    2
  0.20984374  -0.00000000    -0.00806805  -0.00020020     0.00080617   0.00168035
 -0.00806805   0.00020020     0.23975034  -0.00000000     0.00041187  -0.00621696
  0.00080617  -0.00168035     0.00041187   0.00621696     0.26663433  -0.00000000
    2    3
 -0.00098229   0.00000124    -0.00428134   0.00602383     0.00102025   0.00507734
 -0.00428267  -0.00602185     0.01353204   0.00000184     0.00551899  -0.01224115
 -0.00102177   0.00507393    -0.00550983  -0.01223106    -0.01926493   0.00000025
    3    1
 -0.12111159  -0.09197359     0.00584491  -0.02710203     0.02005644  -0.04192803
  0.00106368  -0.02281226    -0.01730730  -0.09257650    -0.10888721   0.02934207
  0.03572185  -0.04518851    -0.13105738   0.04647246    -0.08649143  -0.12543610
    3    2
 -0.00098229  -0.00000124    -0.00428267   0.00602185    -0.00102177  -0.00507393
 -0.00428134  -0.00602383     0.01353204  -0.00000184    -0.00550983   0.01223106
  0.00102025  -0.00507734     0.00551899   0.01224115    -0.01926493  -0.00000025
    3    3
  0.20986144  -0.00000000    -0.00807638  -0.00023874    -0.00080605  -0.00167613
 -0.00807638   0.00023874     0.23978800   0.00000000    -0.00041326   0.00622121
 -0.00080605   0.00167613    -0.00041326  -0.00622121     0.26673727  -0.00000000

     Dynamical  Matrix in cartesian axes

     q = (    0.252398533  -0.291444722   0.000000000 ) 

    1    1
  0.47566846   0.00000000     0.03391599   0.03217715     0.00000158  -0.00000029
  0.03391599  -0.03217715     0.41501508   0.00000000    -0.00000558  -0.00000061
  0.00000158   0.00000029    -0.00000558   0.00000061     0.54360901   0.00000000
    1    2
 -0.05215614   0.10909902     0.01871687   0.03903157    -0.08010968  -0.05514775
  0.02511750   0.03937380     0.01953784   0.11925197     0.11231277   0.02411061
 -0.06273207  -0.05644535     0.08682963   0.01473775    -0.02754434   0.14985963
    1    3
 -0.05216498   0.10911093     0.01871600   0.03902748     0.08010825   0.05514445
  0.02513017   0.03937500     0.01954530   0.11926263    -0.11231355  -0.02410817
  0.06273298   0.05644402    -0.08682901  -0.01472989    -0.02753804   0.14985539
    2    1
 -0.05215614  -0.10909902     0.02511750  -0.03937380    -0.06273207   0.05644535
  0.01871687  -0.03903157     0.01953784  -0.11925197     0.08682963  -0.01473775
 -0.08010968   0.05514775     0.11231277  -0.02411061    -0.02754434  -0.14985963
    2    2
  0.22528655   0.00000000    -0.01698396  -0.00020020     0.00075978   0.00454386
 -0.01698396   0.00020020     0.22430753  -0.00000000     0.00049223  -0.00456371
  0.00075978  -0.00454386     0.00049223   0.00456371     0.26663433   0.00000000
    2    3
  0.00619513  -0.00000255    -0.00842656   0.00602260     0.00528970   0.00806248
 -0.00842523  -0.00602308     0.00635461  -0.00000053    -0.00187593  -0.01051768
 -0.00528253   0.00805545     0.00187004  -0.01050968    -0.01926493  -0.00000025
    3    1
 -0.05216498  -0.10911093     0.02513017  -0.03937500     0.06273298  -0.05644402
  0.01871600  -0.03902748     0.01954530  -0.11926263    -0.08682901   0.01472989
  0.08010825  -0.05514445    -0.11231355   0.02410817    -0.02753804  -0.14985539
    3    2
  0.00619513   0.00000255    -0.00842523   0.00602308    -0.00528253  -0.00805545
 -0.00842656  -0.00602260     0.00635461   0.00000053     0.00187004   0.01050968
  0.00528970  -0.00806248    -0.00187593   0.01051768    -0.01926493   0.00000025
    3    3
  0.22531201  -0.00000000    -0.01699677  -0.00023874    -0.00076092  -0.00454966
 -0.01699677   0.00023874     0.22433743  -0.00000000    -0.00049143   0.00456217
 -0.00076092   0.00454966    -0.00049143  -0.00456217     0.26673727   0.00000000

     Dynamical  Matrix in cartesian axes

     q = (   -0.252398533   0.291444722  -0.000000000 ) 

    1    1
  0.47566846  -0.00000000     0.03391599  -0.03217715     0.00000158   0.00000029
  0.03391599   0.03217715     0.41501508  -0.00000000    -0.00000558   0.00000061
  0.00000158  -0.00000029    -0.00000558  -0.00000061     0.54360901  -0.00000000
    1    2
 -0.05215614  -0.10909902     0.01871687  -0.03903157    -0.08010968   0.05514775
  0.02511750  -0.03937380     0.01953784  -0.11925197     0.11231277  -0.02411061
 -0.06273207   0.05644535     0.08682963  -0.01473775    -0.02754434  -0.14985963
    1    3
 -0.05216498  -0.10911093     0.01871600  -0.03902748     0.08010825  -0.05514445
  0.02513017  -0.03937500     0.01954530  -0.11926263    -0.11231355   0.02410817
  0.06273298  -0.05644402    -0.08682901   0.01472989    -0.02753804  -0.14985539
    2    1
 -0.05215614   0.10909902     0.02511750   0.03937380    -0.06273207  -0.05644535
  0.01871687   0.03903157     0.01953784   0.11925197     0.08682963   0.01473775
 -0.08010968  -0.05514775     0.11231277   0.02411061    -0.02754434   0.14985963
    2    2
  0.22528655  -0.00000000    -0.01698396   0.00020020     0.00075978  -0.00454386
 -0.01698396  -0.00020020     0.22430753   0.00000000     0.00049223   0.00456371
  0.00075978   0.00454386     0.00049223  -0.00456371     0.26663433  -0.00000000
    2    3
  0.00619513   0.00000255    -0.00842656  -0.00602260     0.00528970  -0.00806248
 -0.00842523   0.00602308     0.00635461   0.00000053    -0.00187593   0.01051768
 -0.00528253  -0.00805545     0.00187004   0.01050968    -0.01926493   0.00000025
    3    1
 -0.05216498   0.10911093     0.02513017   0.03937500     0.06273298   0.05644402
  0.01871600   0.03902748     0.01954530   0.11926263    -0.08682901  -0.01472989
  0.08010825   0.05514445    -0.11231355  -0.02410817    -0.02753804   0.14985539
    3    2
  0.00619513  -0.00000255    -0.00842523  -0.00602308    -0.00528253   0.00805545
 -0.00842656   0.00602260     0.00635461  -0.00000053     0.00187004  -0.01050968
  0.00528970   0.00806248    -0.00187593  -0.01051768    -0.01926493  -0.00000025
    3    3
  0.22531201   0.00000000    -0.01699677   0.00023874    -0.00076092   0.00454966
 -0.01699677  -0.00023874     0.22433743   0.00000000    -0.00049143  -0.00456217
 -0.00076092  -0.00454966    -0.00049143   0.00456217     0.26673727  -0.00000000

     Dynamical  Matrix in cartesian axes

     q = (   -0.378597799  -0.072861181   0.000000000 ) 

    1    1
  0.40080631   0.00000000     0.00930569   0.03217715    -0.00000562  -0.00000038
  0.00930569  -0.03217715     0.48987722   0.00000000     0.00000142   0.00000055
 -0.00000562   0.00000038     0.00000142  -0.00000055     0.54360901   0.00000000
    1    2
 -0.04624246  -0.07080239     0.04905350  -0.01487363    -0.13136264   0.06283795
  0.04428558  -0.01058970    -0.09216146  -0.11373076    -0.03459497  -0.01589818
 -0.10433265   0.04636977    -0.03707147  -0.02163851    -0.08648997  -0.12544355
    1    3
 -0.04624989  -0.07081226     0.04906634  -0.01488452     0.13135995  -0.06284058
  0.04428511  -0.01059475    -0.09216901  -0.11373784     0.03459266   0.01589817
  0.10432731  -0.04637499     0.03707422   0.02163970    -0.08649143  -0.12543610
    2    1
 -0.04624246   0.07080239     0.04428558   0.01058970    -0.10433265  -0.04636977
  0.04905350   0.01487363    -0.09216146   0.11373076    -0.03707147   0.02163851
 -0.13136264  -0.06283795    -0.03459497   0.01589818    -0.08648997   0.12544355
    2    2
  0.23926083   0.00000000     0.00891591  -0.00020020     0.00004639  -0.00622422
  0.00891591   0.00020020     0.21033325  -0.00000000    -0.00090410  -0.00165325
  0.00004639   0.00622422    -0.00090410   0.00165325     0.26663433   0.00000000
    2    3
  0.01361178  -0.00000083     0.00414322   0.00602209    -0.00426946  -0.01313982
  0.00414456  -0.00602360    -0.00106204  -0.00000225    -0.00364305  -0.00172347
  0.00426077  -0.01312937     0.00363979  -0.00172138    -0.01926493  -0.00000025
    3    1
 -0.04624989   0.07081226     0.04428511   0.01059475     0.10432731   0.04637499
  0.04906634   0.01488452    -0.09216901   0.11373784     0.03707422  -0.02163970
  0.13135995   0.06284058     0.03459266  -0.01589817    -0.08649143   0.12543610
    3    2
  0.01361178   0.00000083     0.00414456   0.00602360     0.00426077   0.01312937
  0.00414322  -0.00602209    -0.00106204   0.00000225     0.00363979   0.00172138
 -0.00426946   0.01313982    -0.00364305   0.00172347    -0.01926493   0.00000025
    3    3
  0.23930071  -0.00000000     0.00892039  -0.00023874    -0.00004513   0.00622579
  0.00892039   0.00023874     0.21034873   0.00000000     0.00090469   0.00165903
 -0.00004513  -0.00622579     0.00090469  -0.00165903     0.26673727   0.00000000

     Dynamical  Matrix in cartesian axes

     q = (    0.378597799   0.072861181  -0.000000000 ) 

    1    1
  0.40080631  -0.00000000     0.00930569  -0.03217715    -0.00000562   0.00000038
  0.00930569   0.03217715     0.48987722  -0.00000000     0.00000142  -0.00000055
 -0.00000562  -0.00000038     0.00000142   0.00000055     0.54360901  -0.00000000
    1    2
 -0.04624246   0.07080239     0.04905350   0.01487363    -0.13136264  -0.06283795
  0.04428558   0.01058970    -0.09216146   0.11373076    -0.03459497   0.01589818
 -0.10433265  -0.04636977    -0.03707147   0.02163851    -0.08648997   0.12544355
    1    3
 -0.04624989   0.07081226     0.04906634   0.01488452     0.13135995   0.06284058
  0.04428511   0.01059475    -0.09216901   0.11373784     0.03459266  -0.01589817
  0.10432731   0.04637499     0.03707422  -0.02163970    -0.08649143   0.12543610
    2    1
 -0.04624246  -0.07080239     0.04428558  -0.01058970    -0.10433265   0.04636977
  0.04905350  -0.01487363    -0.09216146  -0.11373076    -0.03707147  -0.02163851
 -0.13136264   0.06283795    -0.03459497  -0.01589818    -0.08648997  -0.12544355
    2    2
  0.23926083  -0.00000000     0.00891591   0.00020020     0.00004639   0.00622422
  0.00891591  -0.00020020     0.21033325   0.00000000    -0.00090410   0.00165325
  0.00004639  -0.00622422    -0.00090410  -0.00165325     0.26663433  -0.00000000
    2    3
  0.01361178   0.00000083     0.00414322  -0.00602209    -0.00426946   0.01313982
  0.00414456   0.00602360    -0.00106204   0.00000225    -0.00364305   0.00172347
  0.00426077   0.01312937     0.00363979   0.00172138    -0.01926493   0.00000025
    3    1
 -0.04624989  -0.07081226     0.04428511  -0.01059475     0.10432731  -0.04637499
  0.04906634  -0.01488452    -0.09216901  -0.11373784     0.03707422   0.02163970
  0.13135995  -0.06284058     0.03459266   0.01589817    -0.08649143  -0.12543610
    3    2
  0.01361178  -0.00000083     0.00414456  -0.00602360     0.00426077  -0.01312937
  0.00414322   0.00602209    -0.00106204  -0.00000225     0.00363979  -0.00172138
 -0.00426946  -0.01313982    -0.00364305  -0.00172347    -0.01926493  -0.00000025
    3    3
  0.23930071   0.00000000     0.00892039   0.00023874    -0.00004513  -0.00622579
  0.00892039  -0.00023874     0.21034873  -0.00000000     0.00090469  -0.00165903
 -0.00004513   0.00622579     0.00090469   0.00165903     0.26673727  -0.00000000

     Dynamical  Matrix in cartesian axes

     q = (    0.378597799  -0.072861180   0.000000000 ) 

    1    1
  0.40080631   0.00000000    -0.00930569  -0.03217715     0.00000562   0.00000038
 -0.00930569   0.03217715     0.48987722   0.00000000     0.00000142   0.00000055
  0.00000562  -0.00000038     0.00000142  -0.00000055     0.54360901   0.00000000
    1    2
 -0.01736650   0.08276321     0.04520331   0.02416881    -0.13732055  -0.04845428
  0.03880268   0.02382659    -0.01525180   0.14558778     0.01322063   0.03570405
 -0.10656270  -0.04098594     0.01091275   0.04151423    -0.02754434   0.14985963
    1    3
 -0.01736822   0.08277543     0.04522009   0.02417020     0.13732051   0.04845051
  0.03880592   0.02382268    -0.01525146   0.14559813    -0.01321901  -0.03570241
  0.10656262   0.04097847    -0.01091385  -0.04151701    -0.02753804   0.14985539
    2    1
 -0.01736650  -0.08276321     0.03880268  -0.02382659    -0.10656270   0.04098594
  0.04520331  -0.02416881    -0.01525180  -0.14558778     0.01091275  -0.04151423
 -0.13732055   0.04845428     0.01322063  -0.03570405    -0.02754434  -0.14985963
    2    2
  0.23926083   0.00000000    -0.00891591   0.00020020    -0.00004639   0.00622422
 -0.00891591  -0.00020020     0.21033325   0.00000000    -0.00090410  -0.00165325
 -0.00004639  -0.00622422    -0.00090410   0.00165325     0.26663433   0.00000000
    2    3
  0.01361178  -0.00000083    -0.00414322  -0.00602209     0.00426946   0.01313982
 -0.00414456   0.00602360    -0.00106204  -0.00000225    -0.00364305  -0.00172347
 -0.00426077   0.01312937     0.00363979  -0.00172138    -0.01926493  -0.00000025
    3    1
 -0.01736822  -0.08277543     0.03880592  -0.02382268     0.10656262  -0.04097847
  0.04522009  -0.02417020    -0.01525146  -0.14559813    -0.01091385   0.04151701
  0.13732051  -0.04845051    -0.01321901   0.03570241    -0.02753804  -0.14985539
    3    2
  0.01361178   0.00000083    -0.00414456  -0.00602360    -0.00426077  -0.01312937
 -0.00414322   0.00602209    -0.00106204   0.00000225     0.00363979   0.00172138
  0.00426946  -0.01313982    -0.00364305   0.00172347    -0.01926493   0.00000025
    3    3
  0.23930071  -0.00000000    -0.00892039   0.00023874     0.00004513  -0.00622579
 -0.00892039  -0.00023874     0.21034873  -0.00000000     0.00090469   0.00165903
  0.00004513   0.00622579     0.00090469  -0.00165903     0.26673727   0.00000000

     Dynamical  Matrix in cartesian axes

     q = (   -0.378597799   0.072861180  -0.000000000 ) 

    1    1
  0.40080631  -0.00000000    -0.00930569   0.03217715     0.00000562  -0.00000038
 -0.00930569  -0.03217715     0.48987722  -0.00000000     0.00000142  -0.00000055
  0.00000562   0.00000038     0.00000142   0.00000055     0.54360901  -0.00000000
    1    2
 -0.01736650  -0.08276321     0.04520331  -0.02416881    -0.13732055   0.04845428
  0.03880268  -0.02382659    -0.01525180  -0.14558778     0.01322063  -0.03570405
 -0.10656270   0.04098594     0.01091275  -0.04151423    -0.02754434  -0.14985963
    1    3
 -0.01736822  -0.08277543     0.04522009  -0.02417020     0.13732051  -0.04845051
  0.03880592  -0.02382268    -0.01525146  -0.14559813    -0.01321901   0.03570241
  0.10656262  -0.04097847    -0.01091385   0.04151701    -0.02753804  -0.14985539
    2    1
 -0.01736650   0.08276321     0.03880268   0.02382659    -0.10656270  -0.04098594
  0.04520331   0.02416881    -0.01525180   0.14558778     0.01091275   0.04151423
 -0.13732055  -0.04845428     0.01322063   0.03570405    -0.02754434   0.14985963
    2    2
  0.23926083  -0.00000000    -0.00891591  -0.00020020    -0.00004639  -0.00622422
 -0.00891591   0.00020020     0.21033325  -0.00000000    -0.00090410   0.00165325
 -0.00004639   0.00622422    -0.00090410  -0.00165325     0.26663433  -0.00000000
    2    3
  0.01361178   0.00000083    -0.00414322   0.00602209     0.00426946  -0.01313982
 -0.00414456  -0.00602360    -0.00106204   0.00000225    -0.00364305   0.00172347
 -0.00426077  -0.01312937     0.00363979   0.00172138    -0.01926493   0.00000025
    3    1
 -0.01736822   0.08277543     0.03880592   0.02382268     0.10656262   0.04097847
  0.04522009   0.02417020    -0.01525146   0.14559813    -0.01091385  -0.04151701
  0.13732051   0.04845051    -0.01321901  -0.03570241    -0.02753804   0.14985539
    3    2
  0.01361178  -0.00000083    -0.00414456   0.00602360    -0.00426077   0.01312937
 -0.00414322  -0.00602209    -0.00106204  -0.00000225     0.00363979  -0.00172138
  0.00426946   0.01313982    -0.00364305  -0.00172347    -0.01926493  -0.00000025
    3    3
  0.23930071   0.00000000    -0.00892039  -0.00023874     0.00004513   0.00622579
 -0.00892039   0.00023874     0.21034873   0.00000000     0.00090469  -0.00165903
  0.00004513  -0.00622579     0.00090469   0.00165903     0.26673727  -0.00000000

     Dynamical  Matrix in cartesian axes

     q = (   -0.252398533  -0.291444722   0.000000000 ) 

    1    1
  0.47566846   0.00000000    -0.03391599  -0.03217715    -0.00000158   0.00000029
 -0.03391599   0.03217715     0.41501508   0.00000000    -0.00000558  -0.00000061
 -0.00000158  -0.00000029    -0.00000558   0.00000061     0.54360901   0.00000000
    1    2
 -0.10909902  -0.05215614     0.03903157  -0.01871687    -0.05514775   0.08010968
  0.03937380  -0.02511750    -0.11925197   0.01953784    -0.02411061   0.11231277
 -0.05644535   0.06273207    -0.01473775   0.08682963    -0.14985963  -0.02754434
    1    3
 -0.10911093  -0.05216498     0.03902748  -0.01871600     0.05514445  -0.08010825
  0.03937500  -0.02513017    -0.11926263   0.01954530     0.02410817  -0.11231355
  0.05644402  -0.06273298     0.01472989  -0.08682901    -0.14985539  -0.02753804
    2    1
 -0.10909902   0.05215614     0.03937380   0.02511750    -0.05644535  -0.06273207
  0.03903157   0.01871687    -0.11925197  -0.01953784    -0.01473775  -0.08682963
 -0.05514775  -0.08010968    -0.02411061  -0.11231277    -0.14985963   0.02754434
    2    2
  0.22528655   0.00000000     0.01698396   0.00020020    -0.00075978  -0.00454386
  0.01698396  -0.00020020     0.22430753   0.00000000     0.00049223  -0.00456371
 -0.00075978   0.00454386     0.00049223   0.00456371     0.26663433   0.00000000
    2    3
  0.00619513  -0.00000255     0.00842656  -0.00602260    -0.00528970  -0.00806248
  0.00842523   0.00602308     0.00635461  -0.00000053    -0.00187593  -0.01051768
  0.00528253  -0.00805545     0.00187004  -0.01050968    -0.01926493  -0.00000025
    3    1
 -0.10911093   0.05216498     0.03937500   0.02513017     0.05644402   0.06273298
  0.03902748   0.01871600    -0.11926263  -0.01954530     0.01472989   0.08682901
  0.05514445   0.08010825     0.02410817   0.11231355    -0.14985539   0.02753804
    3    2
  0.00619513   0.00000255     0.00842523  -0.00602308     0.00528253   0.00805545
  0.00842656   0.00602260     0.00635461   0.00000053     0.00187004   0.01050968
 -0.00528970   0.00806248    -0.00187593   0.01051768    -0.01926493   0.00000025
    3    3
  0.22531201  -0.00000000     0.01699677   0.00023874     0.00076092   0.00454966
  0.01699677  -0.00023874     0.22433743  -0.00000000    -0.00049143   0.00456217
  0.00076092  -0.00454966    -0.00049143  -0.00456217     0.26673727   0.00000000

     Dynamical  Matrix in cartesian axes

     q = (    0.252398533   0.291444722  -0.000000000 ) 

    1    1
  0.47566846  -0.00000000    -0.03391599   0.03217715    -0.00000158  -0.00000029
 -0.03391599  -0.03217715     0.41501508  -0.00000000    -0.00000558   0.00000061
 -0.00000158   0.00000029    -0.00000558  -0.00000061     0.54360901  -0.00000000
    1    2
 -0.10909902   0.05215614     0.03903157   0.01871687    -0.05514775  -0.08010968
  0.03937380   0.02511750    -0.11925197  -0.01953784    -0.02411061  -0.11231277
 -0.05644535  -0.06273207    -0.01473775  -0.08682963    -0.14985963   0.02754434
    1    3
 -0.10911093   0.05216498     0.03902748   0.01871600     0.05514445   0.08010825
  0.03937500   0.02513017    -0.11926263  -0.01954530     0.02410817   0.11231355
  0.05644402   0.06273298     0.01472989   0.08682901    -0.14985539   0.02753804
    2    1
 -0.10909902  -0.05215614     0.03937380  -0.02511750    -0.05644535   0.06273207
  0.03903157  -0.01871687    -0.11925197   0.01953784    -0.01473775   0.08682963
 -0.05514775   0.08010968    -0.02411061   0.11231277    -0.14985963  -0.02754434
    2    2
  0.22528655  -0.00000000     0.01698396  -0.00020020    -0.00075978   0.00454386
  0.01698396   0.00020020     0.22430753  -0.00000000     0.00049223   0.00456371
 -0.00075978  -0.00454386     0.00049223  -0.00456371     0.26663433  -0.00000000
    2    3
  0.00619513   0.00000255     0.00842656   0.00602260    -0.00528970   0.00806248
  0.00842523  -0.00602308     0.00635461   0.00000053    -0.00187593   0.01051768
  0.00528253   0.00805545     0.00187004   0.01050968    -0.01926493   0.00000025
    3    1
 -0.10911093  -0.05216498     0.03937500  -0.02513017     0.05644402  -0.06273298
  0.03902748  -0.01871600    -0.11926263   0.01954530     0.01472989  -0.08682901
  0.05514445  -0.08010825     0.02410817  -0.11231355    -0.14985539  -0.02753804
    3    2
  0.00619513  -0.00000255     0.00842523   0.00602308     0.00528253  -0.00805545
  0.00842656  -0.00602260     0.00635461  -0.00000053     0.00187004  -0.01050968
 -0.00528970  -0.00806248    -0.00187593  -0.01051768    -0.01926493  -0.00000025
    3    3
  0.22531201   0.00000000     0.01699677  -0.00023874     0.00076092  -0.00454966
  0.01699677   0.00023874     0.22433743   0.00000000    -0.00049143  -0.00456217
  0.00076092   0.00454966    -0.00049143   0.00456217     0.26673727  -0.00000000

     Diagonalizing the dynamical matrix

     q = (    0.126199266   0.364305902   0.000000000 ) 

 **************************************************************************
     freq (    1) =       3.656502 [THz] =     121.967790 [cm-1]
 (  0.025836  0.502104 -0.155401  0.375004  0.002432 -0.000729 ) 
 ( -0.070296  0.384671 -0.003930  0.123370  0.351404 -0.001855 ) 
 ( -0.070536  0.386209 -0.001314  0.125698 -0.347662  0.000000 ) 
     freq (    2) =       3.772761 [THz] =     125.845777 [cm-1]
 ( -0.000778  0.001978 -0.001289  0.000920 -0.531397 -0.096388 ) 
 ( -0.093055  0.141884  0.128970  0.348671 -0.432362  0.001403 ) 
 (  0.091314 -0.139057 -0.129581 -0.347823 -0.434671  0.000000 ) 
     freq (    3) =       4.730431 [THz] =     157.790179 [cm-1]
 ( -0.028962  0.324377  0.227212 -0.431406  0.000141  0.000161 ) 
 ( -0.035297  0.427182 -0.070067 -0.300381 -0.222001  0.000242 ) 
 ( -0.035333  0.427205 -0.070064 -0.300049  0.222173  0.000000 ) 
     freq (    4) =       8.871504 [THz] =     295.921518 [cm-1]
 (  0.000051 -0.000012 -0.000029  0.000039  0.028508  0.007530 ) 
 ( -0.644285  0.188697  0.159703 -0.120353  0.094620 -0.000109 ) 
 (  0.644188 -0.188807 -0.159875  0.119934  0.094383  0.000000 ) 
     freq (    5) =       9.689226 [THz] =     323.197785 [cm-1]
 (  0.000105 -0.000006 -0.000073  0.000102 -0.060023 -0.011081 ) 
 ( -0.041569 -0.148303 -0.143440 -0.540277 -0.402565 -0.000167 ) 
 (  0.041244  0.148398  0.143109  0.540507 -0.402080  0.000000 ) 
     freq (    6) =       9.977669 [THz] =     332.819197 [cm-1]
 (  0.005050 -0.041493  0.039799 -0.036951  0.000130  0.000035 ) 
 ( -0.091828  0.216593 -0.007292  0.596038 -0.295181 -0.000233 ) 
 ( -0.091442  0.216606 -0.007899  0.595762  0.295361  0.000000 ) 
     freq (    7) =      10.824570 [THz] =     361.068782 [cm-1]
 ( -0.231333 -0.340350  0.005232  0.161274 -0.000014  0.000038 ) 
 (  0.280537  0.514358 -0.190869 -0.144199  0.040787 -0.000249 ) 
 (  0.280516  0.514593 -0.191107 -0.144131 -0.040822  0.000000 ) 
     freq (    8) =      11.573500 [THz] =     386.050418 [cm-1]
 ( -0.000070  0.000980 -0.001565  0.002473  0.444268  0.082466 ) 
 ( -0.048359  0.098797  0.095543  0.278804 -0.551080 -0.001162 ) 
 (  0.049325 -0.099858 -0.094949 -0.283197 -0.539949  0.000000 ) 
     freq (    9) =      11.610751 [THz] =     387.292953 [cm-1]
 ( -0.000475 -0.108430  0.140323 -0.282580  0.003530  0.000288 ) 
 ( -0.051501  0.061719 -0.009458  0.228387  0.617324  0.000858 ) 
 ( -0.050869  0.060160 -0.011316  0.224437 -0.626243  0.000000 ) 
 **************************************************************************
