Dynamical matrix file
default                                                                    
  2    3   0   6.0288231   0.0000000   0.0000000   0.0000000   0.0000000   0.0000000
Basis vectors
      0.990497041    0.000000000    0.000000000
     -0.495248521    0.857795600    0.000000000
      0.000000000    0.000000000    6.000000000
           1  'Mo  '    87453.075126275595     
           2  'S   '    29225.459655279068     
    1    1     -0.0000000003      0.5718637328      1.0800008886
    2    2      0.4952485198      0.2859318664      1.5786839298
    3    2      0.4952485198      0.2859318664      0.5813151816

     Dynamical  Matrix in cartesian axes

     q = (    0.126199266   0.218583541   0.000000000 ) 

    1    1
  0.45139427   0.00000000    -0.00920015   0.01322244    -0.00000125   0.00000049
 -0.00920015  -0.01322244     0.44077086   0.00000000     0.00000072   0.00000085
 -0.00000125  -0.00000049     0.00000072  -0.00000085     0.56864654   0.00000000
    1    2
 -0.16843697   0.02693273     0.01514328   0.01336637    -0.01283567  -0.05250994
  0.01514328   0.01773287    -0.15095102  -0.02693273     0.00741068  -0.09094989
 -0.01552509  -0.04787312     0.00896341  -0.08291867    -0.22353409   0.00000000
    1    3
 -0.16843836   0.02693363     0.01514330   0.01336207     0.01283745   0.05251197
  0.01514330   0.01773821    -0.15095239  -0.02693363    -0.00741170   0.09095340
  0.01552663   0.04787272    -0.00896431   0.08291798    -0.22351914   0.00000000
    2    1
 -0.16843697  -0.02693273     0.01514328  -0.01773287    -0.01552509   0.04787312
  0.01514328  -0.01336637    -0.15095102   0.02693273     0.00896341   0.08291867
 -0.01283567   0.05250994     0.00741068   0.09094989    -0.22353409  -0.00000000
    2    2
  0.20425747   0.00000000     0.00816850   0.00049353    -0.00097347   0.00297811
  0.00816850  -0.00049353     0.21368964   0.00000000     0.00056203   0.00515824
 -0.00097347  -0.00297811     0.00056203  -0.00515824     0.28451933   0.00000000
    2    3
  0.00537300   0.00000277     0.00454335   0.00342764    -0.00162640   0.00737161
  0.00454335  -0.00342444     0.01061921  -0.00000277     0.00093900   0.01276800
  0.00162434   0.00736991    -0.00093782   0.01276506    -0.01984593   0.00000000
    3    1
 -0.16843836  -0.02693363     0.01514330  -0.01773821     0.01552663  -0.04787272
  0.01514330  -0.01336207    -0.15095239   0.02693363    -0.00896431  -0.08291798
  0.01283745  -0.05251197    -0.00741170  -0.09095340    -0.22351914  -0.00000000
    3    2
  0.00537300  -0.00000277     0.00454335   0.00342444     0.00162434  -0.00736991
  0.00454335  -0.00342764     0.01061921   0.00000277    -0.00093782  -0.01276506
 -0.00162640  -0.00737161     0.00093900  -0.01276800    -0.01984593   0.00000000
    3    3
  0.20432332   0.00000000     0.00815994   0.00049148     0.00097577  -0.00297563
  0.00815994  -0.00049148     0.21374561   0.00000000    -0.00056336  -0.00515394
  0.00097577   0.00297563    -0.00056336   0.00515394     0.28463790   0.00000000

     Dynamical  Matrix in cartesian axes

     q = (   -0.126199266   0.218583541   0.000000000 ) 

    1    1
  0.45139427   0.00000000     0.00920015  -0.01322244     0.00000125  -0.00000049
  0.00920015   0.01322244     0.44077086  -0.00000000     0.00000072   0.00000085
  0.00000125   0.00000049     0.00000072  -0.00000085     0.56864654   0.00000000
    1    2
 -0.13814724  -0.10005861    -0.00125646  -0.02015937    -0.02805395   0.04620632
  0.00183111  -0.02324695    -0.08769417  -0.12578280     0.06955142  -0.05907114
 -0.02287351   0.04482930     0.06497044  -0.05229426    -0.15806247  -0.15806247
    1    3
 -0.13814886  -0.10005895    -0.00125952  -0.02015634     0.02805412  -0.04620902
  0.00183488  -0.02325074    -0.08769450  -0.12578441    -0.06955463   0.05907290
  0.02287213  -0.04483011    -0.06497059   0.05229314    -0.15805190  -0.15805190
    2    1
 -0.13814724   0.10005861     0.00183111   0.02324695    -0.02287351  -0.04482930
 -0.00125646   0.02015937    -0.08769417   0.12578280     0.06497044   0.05229426
 -0.02805395  -0.04620632     0.06955142   0.05907114    -0.15806247   0.15806247
    2    2
  0.20425747   0.00000000    -0.00816850  -0.00049353     0.00097347  -0.00297811
 -0.00816850   0.00049353     0.21368964   0.00000000     0.00056203   0.00515824
  0.00097347   0.00297811     0.00056203  -0.00515824     0.28451933   0.00000000
    2    3
  0.00537300   0.00000277    -0.00454335  -0.00342764     0.00162640  -0.00737161
 -0.00454335   0.00342444     0.01061921  -0.00000277     0.00093900   0.01276800
 -0.00162434  -0.00736991    -0.00093782   0.01276506    -0.01984593   0.00000000
    3    1
 -0.13814886   0.10005895     0.00183488   0.02325074     0.02287213   0.04483011
 -0.00125952   0.02015634    -0.08769450   0.12578441    -0.06497059  -0.05229314
  0.02805412   0.04620902    -0.06955463  -0.05907290    -0.15805190   0.15805190
    3    2
  0.00537300  -0.00000277    -0.00454335  -0.00342444    -0.00162434   0.00736991
 -0.00454335   0.00342764     0.01061921   0.00000277    -0.00093782  -0.01276506
  0.00162640   0.00737161     0.00093900  -0.01276800    -0.01984593   0.00000000
    3    3
  0.20432332   0.00000000    -0.00815994  -0.00049148    -0.00097577   0.00297563
 -0.00815994   0.00049148     0.21374561   0.00000000    -0.00056336  -0.00515394
 -0.00097577  -0.00297563    -0.00056336   0.00515394     0.28463790   0.00000000

     Dynamical  Matrix in cartesian axes

     q = (    0.126199266  -0.218583541   0.000000000 ) 

    1    1
  0.45139427  -0.00000000     0.00920015   0.01322244     0.00000125   0.00000049
  0.00920015  -0.01322244     0.44077086   0.00000000     0.00000072  -0.00000085
  0.00000125  -0.00000049     0.00000072   0.00000085     0.56864654   0.00000000
    1    2
 -0.13814724   0.10005861    -0.00125646   0.02015937    -0.02805395  -0.04620632
  0.00183111   0.02324695    -0.08769417   0.12578280     0.06955142   0.05907114
 -0.02287351  -0.04482930     0.06497044   0.05229426    -0.15806247   0.15806247
    1    3
 -0.13814886   0.10005895    -0.00125952   0.02015634     0.02805412   0.04620902
  0.00183488   0.02325074    -0.08769450   0.12578441    -0.06955463  -0.05907290
  0.02287213   0.04483011    -0.06497059  -0.05229314    -0.15805190   0.15805190
    2    1
 -0.13814724  -0.10005861     0.00183111  -0.02324695    -0.02287351   0.04482930
 -0.00125646  -0.02015937    -0.08769417  -0.12578280     0.06497044  -0.05229426
 -0.02805395   0.04620632     0.06955142  -0.05907114    -0.15806247  -0.15806247
    2    2
  0.20425747   0.00000000    -0.00816850   0.00049353     0.00097347   0.00297811
 -0.00816850  -0.00049353     0.21368964   0.00000000     0.00056203  -0.00515824
  0.00097347  -0.00297811     0.00056203   0.00515824     0.28451933   0.00000000
    2    3
  0.00537300  -0.00000277    -0.00454335   0.00342764     0.00162640   0.00737161
 -0.00454335  -0.00342444     0.01061921   0.00000277     0.00093900  -0.01276800
 -0.00162434   0.00736991    -0.00093782  -0.01276506    -0.01984593   0.00000000
    3    1
 -0.13814886  -0.10005895     0.00183488  -0.02325074     0.02287213  -0.04483011
 -0.00125952  -0.02015634    -0.08769450  -0.12578441    -0.06497059   0.05229314
  0.02805412  -0.04620902    -0.06955463   0.05907290    -0.15805190  -0.15805190
    3    2
  0.00537300   0.00000277    -0.00454335   0.00342444    -0.00162434  -0.00736991
 -0.00454335  -0.00342764     0.01061921  -0.00000277    -0.00093782   0.01276506
  0.00162640  -0.00737161     0.00093900   0.01276800    -0.01984593   0.00000000
    3    3
  0.20432332   0.00000000    -0.00815994   0.00049148    -0.00097577  -0.00297563
 -0.00815994  -0.00049148     0.21374561   0.00000000    -0.00056336   0.00515394
 -0.00097577   0.00297563    -0.00056336  -0.00515394     0.28463790   0.00000000

     Dynamical  Matrix in cartesian axes

     q = (   -0.252398533  -0.000000000   0.000000000 ) 

    1    1
  0.43545915  -0.00000000     0.00000000   0.01322244     0.00000000  -0.00000099
  0.00000000  -0.01322244     0.45670598   0.00000000    -0.00000145  -0.00000000
  0.00000000   0.00000099    -0.00000145   0.00000000     0.56864654   0.00000000
    1    2
 -0.10055627  -0.10055627     0.02353427  -0.02353427    -0.07426027   0.07426027
  0.02044669  -0.02044669    -0.12528514  -0.12528514    -0.01048028  -0.01048028
 -0.06770281   0.06770281    -0.01267618  -0.01267618    -0.15806247  -0.15806247
    1    3
 -0.10055723  -0.10055723     0.02353842  -0.02353842     0.07426314  -0.07426314
  0.02044402  -0.02044402    -0.12528613  -0.12528613     0.01048173   0.01048173
  0.06770225  -0.06770225     0.01267744   0.01267744    -0.15805190  -0.15805190
    2    1
 -0.10055627   0.10055627     0.02044669   0.02044669    -0.06770281  -0.06770281
  0.02353427   0.02353427    -0.12528514   0.12528514    -0.01267618   0.01267618
 -0.07426027  -0.07426027    -0.01048028   0.01048028    -0.15806247   0.15806247
    2    2
  0.21840573   0.00000000     0.00000000   0.00049353     0.00000000  -0.00595622
  0.00000000  -0.00049353     0.19954138   0.00000000    -0.00112407  -0.00000000
  0.00000000   0.00595622    -0.00112407   0.00000000     0.28451933   0.00000000
    2    3
  0.01324232   0.00000000     0.00000000   0.00342284     0.00000000  -0.01474321
  0.00000000  -0.00342924     0.00274989  -0.00000000    -0.00187800  -0.00000000
  0.00000000  -0.01473982     0.00187563  -0.00000000    -0.01984593   0.00000000
    3    1
 -0.10055723   0.10055723     0.02044402   0.02044402     0.06770225   0.06770225
  0.02353842   0.02353842    -0.12528613   0.12528613     0.01267744  -0.01267744
  0.07426314   0.07426314     0.01048173  -0.01048173    -0.15805190   0.15805190
    3    2
  0.01324232   0.00000000     0.00000000   0.00342924     0.00000000   0.01473982
  0.00000000  -0.00342284     0.00274989   0.00000000     0.00187563   0.00000000
  0.00000000   0.01474321    -0.00187800   0.00000000    -0.01984593   0.00000000
    3    3
  0.21845675   0.00000000     0.00000000   0.00049148     0.00000000   0.00595126
  0.00000000  -0.00049148     0.19961218   0.00000000     0.00112672   0.00000000
  0.00000000  -0.00595126     0.00112672  -0.00000000     0.28463790   0.00000000

     Dynamical  Matrix in cartesian axes

     q = (    0.252398533   0.000000000   0.000000000 ) 

    1    1
  0.43545915  -0.00000000     0.00000000  -0.01322244     0.00000000   0.00000099
  0.00000000   0.01322244     0.45670598  -0.00000000    -0.00000145   0.00000000
  0.00000000  -0.00000099    -0.00000145  -0.00000000     0.56864654   0.00000000
    1    2
 -0.10055627   0.10055627     0.02353427   0.02353427    -0.07426027  -0.07426027
  0.02044669   0.02044669    -0.12528514   0.12528514    -0.01048028   0.01048028
 -0.06770281  -0.06770281    -0.01267618   0.01267618    -0.15806247   0.15806247
    1    3
 -0.10055723   0.10055723     0.02353842   0.02353842     0.07426314   0.07426314
  0.02044402   0.02044402    -0.12528613   0.12528613     0.01048173  -0.01048173
  0.06770225   0.06770225     0.01267744  -0.01267744    -0.15805190   0.15805190
    2    1
 -0.10055627  -0.10055627     0.02044669  -0.02044669    -0.06770281   0.06770281
  0.02353427  -0.02353427    -0.12528514  -0.12528514    -0.01267618  -0.01267618
 -0.07426027   0.07426027    -0.01048028  -0.01048028    -0.15806247  -0.15806247
    2    2
  0.21840573   0.00000000     0.00000000  -0.00049353     0.00000000   0.00595622
  0.00000000   0.00049353     0.19954138   0.00000000    -0.00112407   0.00000000
  0.00000000  -0.00595622    -0.00112407  -0.00000000     0.28451933   0.00000000
    2    3
  0.01324232   0.00000000     0.00000000  -0.00342284     0.00000000   0.01474321
  0.00000000   0.00342924     0.00274989   0.00000000    -0.00187800   0.00000000
  0.00000000   0.01473982     0.00187563   0.00000000    -0.01984593   0.00000000
    3    1
 -0.10055723  -0.10055723     0.02044402  -0.02044402     0.06770225  -0.06770225
  0.02353842  -0.02353842    -0.12528613  -0.12528613     0.01267744   0.01267744
  0.07426314  -0.07426314     0.01048173   0.01048173    -0.15805190  -0.15805190
    3    2
  0.01324232   0.00000000     0.00000000  -0.00342924     0.00000000  -0.01473982
  0.00000000   0.00342284     0.00274989  -0.00000000     0.00187563  -0.00000000
  0.00000000  -0.01474321    -0.00187800  -0.00000000    -0.01984593   0.00000000
    3    3
  0.21845675   0.00000000     0.00000000  -0.00049148     0.00000000  -0.00595126
  0.00000000   0.00049148     0.19961218   0.00000000     0.00112672  -0.00000000
  0.00000000   0.00595126     0.00112672   0.00000000     0.28463790   0.00000000

     Dynamical  Matrix in cartesian axes

     q = (   -0.126199266  -0.218583541   0.000000000 ) 

    1    1
  0.45139427  -0.00000000    -0.00920015  -0.01322244    -0.00000125  -0.00000049
 -0.00920015   0.01322244     0.44077086  -0.00000000     0.00000072  -0.00000085
 -0.00000125   0.00000049     0.00000072   0.00000085     0.56864654   0.00000000
    1    2
 -0.16843697  -0.02693273     0.01514328  -0.01336637    -0.01283567   0.05250994
  0.01514328  -0.01773287    -0.15095102   0.02693273     0.00741068   0.09094989
 -0.01552509   0.04787312     0.00896341   0.08291867    -0.22353409  -0.00000000
    1    3
 -0.16843836  -0.02693363     0.01514330  -0.01336207     0.01283745  -0.05251197
  0.01514330  -0.01773821    -0.15095239   0.02693363    -0.00741170  -0.09095340
  0.01552663  -0.04787272    -0.00896431  -0.08291798    -0.22351914  -0.00000000
    2    1
 -0.16843697   0.02693273     0.01514328   0.01773287    -0.01552509  -0.04787312
  0.01514328   0.01336637    -0.15095102  -0.02693273     0.00896341  -0.08291867
 -0.01283567  -0.05250994     0.00741068  -0.09094989    -0.22353409   0.00000000
    2    2
  0.20425747   0.00000000     0.00816850  -0.00049353    -0.00097347  -0.00297811
  0.00816850   0.00049353     0.21368964   0.00000000     0.00056203  -0.00515824
 -0.00097347   0.00297811     0.00056203   0.00515824     0.28451933   0.00000000
    2    3
  0.00537300  -0.00000277     0.00454335  -0.00342764    -0.00162640  -0.00737161
  0.00454335   0.00342444     0.01061921   0.00000277     0.00093900  -0.01276800
  0.00162434  -0.00736991    -0.00093782  -0.01276506    -0.01984593   0.00000000
    3    1
 -0.16843836   0.02693363     0.01514330   0.01773821     0.01552663   0.04787272
  0.01514330   0.01336207    -0.15095239  -0.02693363    -0.00896431   0.08291798
  0.01283745   0.05251197    -0.00741170   0.09095340    -0.22351914   0.00000000
    3    2
  0.00537300   0.00000277     0.00454335  -0.00342444     0.00162434   0.00736991
  0.00454335   0.00342764     0.01061921  -0.00000277    -0.00093782   0.01276506
 -0.00162640   0.00737161     0.00093900   0.01276800    -0.01984593   0.00000000
    3    3
  0.20432332   0.00000000     0.00815994  -0.00049148     0.00097577   0.00297563
  0.00815994   0.00049148     0.21374561   0.00000000    -0.00056336   0.00515394
  0.00097577  -0.00297563    -0.00056336  -0.00515394     0.28463790   0.00000000

     Diagonalizing the dynamical matrix

     q = (    0.126199266   0.218583541   0.000000000 ) 

 **************************************************************************
     freq (    1) =       2.043344 [THz] =      68.158618 [cm-1]
 ( -0.000041 -0.000040  0.000023 -0.000069 -0.536483 -0.000000 ) 
 ( -0.056303  0.159607  0.032506  0.276447 -0.500110 -0.000000 ) 
 (  0.056229 -0.159624 -0.032464 -0.276477 -0.499817  0.000000 ) 
     freq (    2) =       3.221506 [THz] =     107.457887 [cm-1]
 (  0.488625  0.020126 -0.282108  0.034859 -0.000056  0.000000 ) 
 (  0.492314  0.060633 -0.284238  0.105020  0.047811  0.000000 ) 
 (  0.492120  0.060583 -0.284125  0.104933 -0.047908  0.000000 ) 
     freq (    3) =       3.838880 [THz] =     128.051268 [cm-1]
 ( -0.023490  0.310794  0.013562  0.538312 -0.000073 -0.000000 ) 
 ( -0.127195  0.232834  0.073436  0.403280  0.261014 -0.000000 ) 
 ( -0.127153  0.232718  0.073412  0.403079 -0.261072  0.000000 ) 
     freq (    4) =       8.554173 [THz] =     285.336492 [cm-1]
 (  0.000120 -0.000004 -0.000069 -0.000007  0.016831 -0.000000 ) 
 ( -0.610369 -0.021163  0.352397 -0.036656  0.037604  0.000000 ) 
 (  0.610278  0.021129 -0.352344  0.036596  0.037509  0.000000 ) 
     freq (    5) =       9.193004 [THz] =     306.645612 [cm-1]
 ( -0.000006 -0.000055  0.000003 -0.000095  0.102746  0.000000 ) 
 ( -0.019046  0.327411  0.010996  0.567092  0.256031 -0.000000 ) 
 (  0.019025 -0.327353 -0.010984 -0.566992  0.255916  0.000000 ) 
     freq (    6) =      10.175837 [THz] =     339.429376 [cm-1]
 ( -0.034988 -0.072514  0.020200 -0.125597  0.000129  0.000000 ) 
 ( -0.001276  0.268385  0.000737  0.464856 -0.447841  0.000000 ) 
 ( -0.001168  0.268432  0.000674  0.464938  0.447688  0.000000 ) 
     freq (    7) =      11.008133 [THz] =     367.191777 [cm-1]
 ( -0.377686  0.025123  0.218057  0.043514 -0.000026  0.000000 ) 
 (  0.546896  0.012739 -0.315750  0.022065  0.063124 -0.000000 ) 
 (  0.547193  0.012744 -0.315922  0.022073 -0.063049  0.000000 ) 
     freq (    8) =      11.577219 [THz] =     386.174454 [cm-1]
 (  0.018489  0.169133 -0.010675  0.292947  0.000245  0.000000 ) 
 (  0.045377 -0.168461 -0.026198 -0.291784 -0.571299 -0.000000 ) 
 (  0.045441 -0.168640 -0.026236 -0.292093  0.570933  0.000000 ) 
     freq (    9) =      12.467207 [THz] =     415.861277 [cm-1]
 (  0.000019  0.000059 -0.000011  0.000102 -0.442029 -0.000000 ) 
 (  0.022003 -0.068647 -0.012703 -0.118900  0.618329  0.000000 ) 
 ( -0.022016  0.068604  0.012711  0.118826  0.619122  0.000000 ) 
 **************************************************************************
