Dynamical matrix file
default                                                                    
  2    3   0   6.0288231   0.0000000   0.0000000   0.0000000   0.0000000   0.0000000
Basis vectors
      0.990497041    0.000000000    0.000000000
     -0.495248521    0.857795600    0.000000000
      0.000000000    0.000000000    6.000000000
           1  'Mo  '    87453.075126275595     
           2  'S   '    29225.459655279068     
    1    1     -0.0000000003      0.5718637328      1.0800008886
    2    2      0.4952485198      0.2859318664      1.5786839298
    3    2      0.4952485198      0.2859318664      0.5813151816

     Dynamical  Matrix in cartesian axes

     q = (    0.252398533   0.437167083   0.000000000 ) 

    1    1
  0.45373560   0.00000000    -0.05240936   0.08685059     0.00000317   0.00000167
 -0.05240936  -0.08685059     0.39321849  -0.00000000    -0.00000183   0.00000289
  0.00000317  -0.00000167    -0.00000183  -0.00000289     0.52812624   0.00000000
    1    2
 -0.08933407   0.06090366     0.04858453   0.02710382    -0.04676235  -0.06970158
  0.04858453   0.04322167    -0.03323348  -0.06090366     0.02699826  -0.12072667
 -0.05640593  -0.05997997     0.03256598  -0.10388835    -0.08487908   0.00000000
    1    3
 -0.08933588   0.06089989     0.04859047   0.02710347     0.04675396   0.06969811
  0.04859047   0.04321767    -0.03322844  -0.06089989    -0.02699341   0.12072067
  0.05640716   0.05997787    -0.03256669   0.10388471    -0.08486742   0.00000000
    2    1
 -0.08933407  -0.06090366     0.04858453  -0.04322167    -0.05640593   0.05997997
  0.04858453  -0.02710382    -0.03323348   0.06090366     0.03256598   0.10388835
 -0.04676235   0.06970158     0.02699826   0.12072667    -0.08487908  -0.00000000
    2    2
  0.22745424   0.00000000     0.01164324  -0.00125358     0.00088032   0.00283246
  0.01164324   0.00125358     0.24089869   0.00000000    -0.00050825   0.00490597
  0.00088032  -0.00283246    -0.00050825  -0.00490597     0.26008786   0.00000000
    2    3
 -0.00214131  -0.00000172     0.00389277   0.01095422    -0.00426781   0.00345268
  0.00389277  -0.01095621     0.00235367   0.00000172     0.00246402   0.00598022
  0.00427858   0.00345899    -0.00247024   0.00599114    -0.02190893   0.00000000
    3    1
 -0.08933588  -0.06089989     0.04859047  -0.04321767     0.05640716  -0.05997787
  0.04859047  -0.02710347    -0.03322844   0.06089989    -0.03256669  -0.10388471
  0.04675396  -0.06969811    -0.02699341  -0.12072067    -0.08486742  -0.00000000
    3    2
 -0.00214131   0.00000172     0.00389277   0.01095621     0.00427858  -0.00345899
  0.00389277  -0.01095422     0.00235367  -0.00000172    -0.00247024  -0.00599114
 -0.00426781  -0.00345268     0.00246402  -0.00598022    -0.02190893   0.00000000
    3    3
  0.22748685  -0.00000000     0.01164051  -0.00123266    -0.00088536  -0.00283042
  0.01164051   0.00123266     0.24092815   0.00000000     0.00051117  -0.00490243
 -0.00088536   0.00283042     0.00051117   0.00490243     0.26014740   0.00000000

     Dynamical  Matrix in cartesian axes

     q = (   -0.252398533   0.437167083   0.000000000 ) 

    1    1
  0.45373560   0.00000000     0.05240936  -0.08685059    -0.00000317  -0.00000167
  0.05240936   0.08685059     0.39321849  -0.00000000    -0.00000183   0.00000289
 -0.00000317   0.00000167    -0.00000183  -0.00000289     0.52812624   0.00000000
    1    2
 -0.06090366  -0.08933407     0.02710382  -0.04858453    -0.06970158   0.04676235
  0.04322167  -0.04858453     0.06090366  -0.03323348     0.12072667   0.02699826
 -0.05997997   0.05640593     0.10388835   0.03256598    -0.00000000  -0.08487908
    1    3
 -0.06089989  -0.08933588     0.02710347  -0.04859047     0.06969811  -0.04675396
  0.04321767  -0.04859047     0.06089989  -0.03322844    -0.12072067  -0.02699341
  0.05997787  -0.05640716    -0.10388471  -0.03256669    -0.00000000  -0.08486742
    2    1
 -0.06090366   0.08933407     0.04322167   0.04858453    -0.05997997  -0.05640593
  0.02710382   0.04858453     0.06090366   0.03323348     0.10388835  -0.03256598
 -0.06970158  -0.04676235     0.12072667  -0.02699826    -0.00000000   0.08487908
    2    2
  0.22745424   0.00000000    -0.01164324   0.00125358    -0.00088032  -0.00283246
 -0.01164324  -0.00125358     0.24089869   0.00000000    -0.00050825   0.00490597
 -0.00088032   0.00283246    -0.00050825  -0.00490597     0.26008786   0.00000000
    2    3
 -0.00214131  -0.00000172    -0.00389277  -0.01095422     0.00426781  -0.00345268
 -0.00389277   0.01095621     0.00235367   0.00000172     0.00246402   0.00598022
 -0.00427858  -0.00345899    -0.00247024   0.00599114    -0.02190893   0.00000000
    3    1
 -0.06089989   0.08933588     0.04321767   0.04859047     0.05997787   0.05640716
  0.02710347   0.04859047     0.06089989   0.03322844    -0.10388471   0.03256669
  0.06969811   0.04675396    -0.12072067   0.02699341    -0.00000000   0.08486742
    3    2
 -0.00214131   0.00000172    -0.00389277  -0.01095621    -0.00427858   0.00345899
 -0.00389277   0.01095422     0.00235367  -0.00000172    -0.00247024  -0.00599114
  0.00426781   0.00345268     0.00246402  -0.00598022    -0.02190893   0.00000000
    3    3
  0.22748685  -0.00000000    -0.01164051   0.00123266     0.00088536   0.00283042
 -0.01164051  -0.00123266     0.24092815   0.00000000     0.00051117  -0.00490243
  0.00088536  -0.00283042     0.00051117   0.00490243     0.26014740   0.00000000

     Dynamical  Matrix in cartesian axes

     q = (    0.252398533  -0.437167083   0.000000000 ) 

    1    1
  0.45373560  -0.00000000     0.05240936   0.08685059    -0.00000317   0.00000167
  0.05240936  -0.08685059     0.39321849  -0.00000000    -0.00000183  -0.00000289
 -0.00000317  -0.00000167    -0.00000183   0.00000289     0.52812624   0.00000000
    1    2
 -0.06090366   0.08933407     0.02710382   0.04858453    -0.06970158  -0.04676235
  0.04322167   0.04858453     0.06090366   0.03323348     0.12072667  -0.02699826
 -0.05997997  -0.05640593     0.10388835  -0.03256598    -0.00000000   0.08487908
    1    3
 -0.06089989   0.08933588     0.02710347   0.04859047     0.06969811   0.04675396
  0.04321767   0.04859047     0.06089989   0.03322844    -0.12072067   0.02699341
  0.05997787   0.05640716    -0.10388471   0.03256669    -0.00000000   0.08486742
    2    1
 -0.06090366  -0.08933407     0.04322167  -0.04858453    -0.05997997   0.05640593
  0.02710382  -0.04858453     0.06090366  -0.03323348     0.10388835   0.03256598
 -0.06970158   0.04676235     0.12072667   0.02699826    -0.00000000  -0.08487908
    2    2
  0.22745424   0.00000000    -0.01164324  -0.00125358    -0.00088032   0.00283246
 -0.01164324   0.00125358     0.24089869   0.00000000    -0.00050825  -0.00490597
 -0.00088032  -0.00283246    -0.00050825   0.00490597     0.26008786   0.00000000
    2    3
 -0.00214131   0.00000172    -0.00389277   0.01095422     0.00426781   0.00345268
 -0.00389277  -0.01095621     0.00235367  -0.00000172     0.00246402  -0.00598022
 -0.00427858   0.00345899    -0.00247024  -0.00599114    -0.02190893   0.00000000
    3    1
 -0.06089989  -0.08933588     0.04321767  -0.04859047     0.05997787  -0.05640716
  0.02710347  -0.04859047     0.06089989  -0.03322844    -0.10388471  -0.03256669
  0.06969811  -0.04675396    -0.12072067  -0.02699341    -0.00000000  -0.08486742
    3    2
 -0.00214131  -0.00000172    -0.00389277   0.01095621    -0.00427858  -0.00345899
 -0.00389277  -0.01095422     0.00235367   0.00000172    -0.00247024   0.00599114
  0.00426781  -0.00345268     0.00246402   0.00598022    -0.02190893   0.00000000
    3    3
  0.22748685   0.00000000    -0.01164051  -0.00123266     0.00088536  -0.00283042
 -0.01164051   0.00123266     0.24092815   0.00000000     0.00051117   0.00490243
  0.00088536   0.00283042     0.00051117  -0.00490243     0.26014740   0.00000000

     Dynamical  Matrix in cartesian axes

     q = (   -0.504797066  -0.000000000   0.000000000 ) 

    1    1
  0.36295993  -0.00000000     0.00000000   0.08685059     0.00000000  -0.00000334
  0.00000000  -0.08685059     0.48399416   0.00000000     0.00000367  -0.00000000
  0.00000000   0.00000334     0.00000367   0.00000000     0.52812624   0.00000000
    1    2
 -0.00000000  -0.00518319     0.07838441  -0.00000000    -0.13940315   0.00000000
  0.06226657  -0.00000000    -0.00000000  -0.11738436    -0.00000000  -0.05399651
 -0.11995994   0.00000000    -0.00000000  -0.06513196    -0.00000000  -0.08487908
    1    3
 -0.00000000  -0.00517472     0.07837824  -0.00000000     0.13939622  -0.00000000
  0.06226404  -0.00000000    -0.00000000  -0.11738960     0.00000000   0.05398682
  0.11995573  -0.00000000     0.00000000   0.06513338    -0.00000000  -0.08486742
    2    1
 -0.00000000   0.00518319     0.06226657   0.00000000    -0.11995994  -0.00000000
  0.07838441   0.00000000    -0.00000000   0.11738436    -0.00000000   0.06513196
 -0.13940315  -0.00000000    -0.00000000   0.05399651    -0.00000000   0.08487908
    2    2
  0.24762092   0.00000000     0.00000000  -0.00125358     0.00000000  -0.00566492
  0.00000000   0.00125358     0.22073201   0.00000000     0.00101650  -0.00000000
  0.00000000   0.00566492     0.00101650   0.00000000     0.26008786   0.00000000
    2    3
  0.00460116  -0.00000000     0.00000000   0.01095720     0.00000000  -0.00690536
  0.00000000  -0.01095322    -0.00438881   0.00000000    -0.00492804  -0.00000000
  0.00000000  -0.00691797     0.00494048  -0.00000000    -0.02190893   0.00000000
    3    1
 -0.00000000   0.00517472     0.06226404   0.00000000     0.11995573   0.00000000
  0.07837824   0.00000000    -0.00000000   0.11738960     0.00000000  -0.06513338
  0.13939622   0.00000000     0.00000000  -0.05398682    -0.00000000   0.08486742
    3    2
  0.00460116   0.00000000     0.00000000   0.01095322     0.00000000   0.00691797
  0.00000000  -0.01095720    -0.00438881  -0.00000000     0.00494048   0.00000000
  0.00000000   0.00690536    -0.00492804   0.00000000    -0.02190893   0.00000000
    3    3
  0.24764880   0.00000000     0.00000000  -0.00123266     0.00000000   0.00566084
  0.00000000   0.00123266     0.22076620  -0.00000000    -0.00102233   0.00000000
  0.00000000  -0.00566084    -0.00102233  -0.00000000     0.26014740   0.00000000

     Dynamical  Matrix in cartesian axes

     q = (    0.504797066   0.000000000   0.000000000 ) 

    1    1
  0.36295993  -0.00000000     0.00000000  -0.08685059     0.00000000   0.00000334
  0.00000000   0.08685059     0.48399416  -0.00000000     0.00000367   0.00000000
  0.00000000  -0.00000334     0.00000367  -0.00000000     0.52812624   0.00000000
    1    2
 -0.00000000   0.00518319     0.07838441   0.00000000    -0.13940315  -0.00000000
  0.06226657   0.00000000    -0.00000000   0.11738436    -0.00000000   0.05399651
 -0.11995994  -0.00000000    -0.00000000   0.06513196    -0.00000000   0.08487908
    1    3
 -0.00000000   0.00517472     0.07837824   0.00000000     0.13939622   0.00000000
  0.06226404   0.00000000    -0.00000000   0.11738960     0.00000000  -0.05398682
  0.11995573   0.00000000     0.00000000  -0.06513338    -0.00000000   0.08486742
    2    1
 -0.00000000  -0.00518319     0.06226657  -0.00000000    -0.11995994   0.00000000
  0.07838441  -0.00000000    -0.00000000  -0.11738436    -0.00000000  -0.06513196
 -0.13940315   0.00000000    -0.00000000  -0.05399651    -0.00000000  -0.08487908
    2    2
  0.24762092   0.00000000     0.00000000   0.00125358     0.00000000   0.00566492
  0.00000000  -0.00125358     0.22073201   0.00000000     0.00101650   0.00000000
  0.00000000  -0.00566492     0.00101650  -0.00000000     0.26008786   0.00000000
    2    3
  0.00460116  -0.00000000     0.00000000  -0.01095720     0.00000000   0.00690536
  0.00000000   0.01095322    -0.00438881  -0.00000000    -0.00492804   0.00000000
  0.00000000   0.00691797     0.00494048   0.00000000    -0.02190893   0.00000000
    3    1
 -0.00000000  -0.00517472     0.06226404  -0.00000000     0.11995573  -0.00000000
  0.07837824  -0.00000000    -0.00000000  -0.11738960     0.00000000   0.06513338
  0.13939622  -0.00000000     0.00000000   0.05398682    -0.00000000  -0.08486742
    3    2
  0.00460116   0.00000000     0.00000000  -0.01095322     0.00000000  -0.00691797
  0.00000000   0.01095720    -0.00438881   0.00000000     0.00494048  -0.00000000
  0.00000000  -0.00690536    -0.00492804  -0.00000000    -0.02190893   0.00000000
    3    3
  0.24764880   0.00000000     0.00000000   0.00123266     0.00000000  -0.00566084
  0.00000000  -0.00123266     0.22076620   0.00000000    -0.00102233  -0.00000000
  0.00000000   0.00566084    -0.00102233   0.00000000     0.26014740   0.00000000

     Dynamical  Matrix in cartesian axes

     q = (   -0.252398533  -0.437167083   0.000000000 ) 

    1    1
  0.45373560  -0.00000000    -0.05240936  -0.08685059     0.00000317  -0.00000167
 -0.05240936   0.08685059     0.39321849   0.00000000    -0.00000183  -0.00000289
  0.00000317   0.00000167    -0.00000183   0.00000289     0.52812624   0.00000000
    1    2
 -0.08933407  -0.06090366     0.04858453  -0.02710382    -0.04676235   0.06970158
  0.04858453  -0.04322167    -0.03323348   0.06090366     0.02699826   0.12072667
 -0.05640593   0.05997997     0.03256598   0.10388835    -0.08487908  -0.00000000
    1    3
 -0.08933588  -0.06089989     0.04859047  -0.02710347     0.04675396  -0.06969811
  0.04859047  -0.04321767    -0.03322844   0.06089989    -0.02699341  -0.12072067
  0.05640716  -0.05997787    -0.03256669  -0.10388471    -0.08486742  -0.00000000
    2    1
 -0.08933407   0.06090366     0.04858453   0.04322167    -0.05640593  -0.05997997
  0.04858453   0.02710382    -0.03323348  -0.06090366     0.03256598  -0.10388835
 -0.04676235  -0.06970158     0.02699826  -0.12072667    -0.08487908   0.00000000
    2    2
  0.22745424   0.00000000     0.01164324   0.00125358     0.00088032  -0.00283246
  0.01164324  -0.00125358     0.24089869   0.00000000    -0.00050825  -0.00490597
  0.00088032   0.00283246    -0.00050825   0.00490597     0.26008786   0.00000000
    2    3
 -0.00214131   0.00000172     0.00389277  -0.01095422    -0.00426781  -0.00345268
  0.00389277   0.01095621     0.00235367  -0.00000172     0.00246402  -0.00598022
  0.00427858  -0.00345899    -0.00247024  -0.00599114    -0.02190893   0.00000000
    3    1
 -0.08933588   0.06089989     0.04859047   0.04321767     0.05640716   0.05997787
  0.04859047   0.02710347    -0.03322844  -0.06089989    -0.03256669   0.10388471
  0.04675396   0.06969811    -0.02699341   0.12072067    -0.08486742   0.00000000
    3    2
 -0.00214131  -0.00000172     0.00389277  -0.01095621     0.00427858   0.00345899
  0.00389277   0.01095422     0.00235367   0.00000172    -0.00247024   0.00599114
 -0.00426781   0.00345268     0.00246402   0.00598022    -0.02190893   0.00000000
    3    3
  0.22748685   0.00000000     0.01164051   0.00123266    -0.00088536   0.00283042
  0.01164051  -0.00123266     0.24092815  -0.00000000     0.00051117   0.00490243
 -0.00088536  -0.00283042     0.00051117  -0.00490243     0.26014740   0.00000000

     Diagonalizing the dynamical matrix

     q = (    0.252398533   0.437167083   0.000000000 ) 

 **************************************************************************
     freq (    1) =       3.782545 [THz] =     126.172123 [cm-1]
 (  0.173303  0.347183 -0.100057  0.601338  0.000112 -0.000000 ) 
 ( -0.160395  0.034647  0.092604  0.060010  0.447109 -0.000000 ) 
 ( -0.160451  0.034713  0.092637  0.060125 -0.446828  0.000000 ) 
     freq (    2) =       4.894414 [THz] =     163.260074 [cm-1]
 ( -0.000139  0.000086  0.000080  0.000149 -0.561278 -0.000000 ) 
 ( -0.231610  0.208848  0.133720  0.361735 -0.310838  0.000000 ) 
 (  0.231163 -0.208862 -0.133462 -0.361759 -0.310823  0.000000 ) 
     freq (    3) =       5.196838 [THz] =     173.347870 [cm-1]
 ( -0.487460  0.053899  0.281435  0.093355  0.000220  0.000000 ) 
 ( -0.460744 -0.110869  0.266011 -0.192031 -0.059540  0.000000 ) 
 ( -0.460869 -0.110711  0.266083 -0.191756  0.059754  0.000000 ) 
     freq (    4) =       9.282920 [THz] =     309.644895 [cm-1]
 (  0.000029 -0.000040 -0.000017 -0.000070  0.037043 -0.000000 ) 
 ( -0.540128 -0.042370  0.311843 -0.073387  0.321398 -0.000000 ) 
 (  0.539779  0.042753 -0.311641  0.074051  0.321518  0.000000 ) 
     freq (    5) =       9.687503 [THz] =     323.140329 [cm-1]
 (  0.000023  0.000071 -0.000013  0.000123  0.036558 -0.000000 ) 
 ( -0.174849 -0.220217  0.100949 -0.381427 -0.515033 -0.000000 ) 
 (  0.175686  0.219081 -0.101432  0.379460 -0.515286  0.000000 ) 
     freq (    6) =       9.743212 [THz] =     324.998568 [cm-1]
 ( -0.006007  0.021163  0.003468  0.036656 -0.000144 -0.000000 ) 
 (  0.239386 -0.319144 -0.138209 -0.552774  0.121124  0.000000 ) 
 (  0.239419 -0.319811 -0.138229 -0.553929 -0.118846  0.000000 ) 
     freq (    7) =      10.871050 [THz] =     362.619190 [cm-1]
 (  0.352805 -0.074232 -0.203692 -0.128573  0.000134  0.000000 ) 
 ( -0.483567 -0.142174  0.279188 -0.246252 -0.115179  0.000000 ) 
 ( -0.483594 -0.142350  0.279203 -0.246558  0.114984  0.000000 ) 
     freq (    8) =      11.089553 [THz] =     369.907670 [cm-1]
 ( -0.000057  0.000163  0.000033  0.000282  0.436123  0.000000 ) 
 ( -0.168727  0.257966  0.097415  0.446810 -0.317599  0.000000 ) 
 (  0.169294 -0.258060 -0.097742 -0.446973 -0.316528  0.000000 ) 
     freq (    9) =      11.330099 [THz] =     377.931425 [cm-1]
 ( -0.044726 -0.146572  0.025823 -0.253871  0.000312  0.000000 ) 
 ( -0.089610  0.026162  0.051736  0.045314  0.664700 -0.000000 ) 
 ( -0.089335  0.025814  0.051578  0.044712 -0.665448  0.000000 ) 
 **************************************************************************
