Dynamical matrix file
default                                                                    
  2    3   0   6.0288231   0.0000000   0.0000000   0.0000000   0.0000000   0.0000000
Basis vectors
      0.990497041    0.000000000    0.000000000
     -0.495248521    0.857795600    0.000000000
      0.000000000    0.000000000    6.000000000
           1  'Mo  '    87453.075126275595     
           2  'S   '    29225.459655279068     
    1    1     -0.0000000003      0.5718637328      1.0800008886
    2    2      0.4952485198      0.2859318664      1.5786839298
    3    2      0.4952485198      0.2859318664      0.5813151816

     Dynamical  Matrix in cartesian axes

     q = (    0.000000000   0.291444722   0.000000000 ) 

    1    1
  0.44747797   0.00000000     0.00000000   0.00000000     0.00000000   0.00000000
  0.00000000   0.00000000     0.46646699   0.00000000    -0.00001111   0.00000380
  0.00000000   0.00000000    -0.00001111  -0.00000380     0.56068334   0.00000000
    1    2
 -0.17161995  -0.04177499    -0.00000000  -0.00000000     0.00000000   0.00000000
 -0.00000000  -0.00000000    -0.09545282  -0.08278871     0.07227235  -0.08367305
  0.00000000   0.00000000     0.06890362  -0.07845409    -0.18137474  -0.09323584
    1    3
 -0.17161913  -0.04177486    -0.00000000  -0.00000000     0.00000000   0.00000000
 -0.00000000  -0.00000000    -0.09545396  -0.08278722    -0.07227095   0.08367038
  0.00000000   0.00000000    -0.06891431   0.07844910    -0.18134976  -0.09323748
    2    1
 -0.17161995   0.04177499    -0.00000000   0.00000000     0.00000000   0.00000000
 -0.00000000   0.00000000    -0.09545282   0.08278871     0.06890362   0.07845409
  0.00000000   0.00000000     0.07227235   0.08367305    -0.18137474   0.09323584
    2    2
  0.19987576   0.00000000     0.00000000   0.00000000     0.00000000   0.00000000
  0.00000000   0.00000000     0.22764799   0.00000000     0.00011002   0.00874307
  0.00000000   0.00000000     0.00011002  -0.00874307     0.28676950   0.00000000
    2    3
  0.00079478  -0.00000023     0.00000000  -0.00000000     0.00000000   0.00000000
  0.00000000  -0.00000000     0.01550313   0.00000029     0.00641716   0.01343246
  0.00000000   0.00000000    -0.00641757   0.01343427    -0.02707268  -0.00000002
    3    1
 -0.17161913   0.04177486    -0.00000000   0.00000000     0.00000000   0.00000000
 -0.00000000   0.00000000    -0.09545396   0.08278722    -0.06891431  -0.07844910
  0.00000000   0.00000000    -0.07227095  -0.08367038    -0.18134976   0.09323748
    3    2
  0.00079478   0.00000023     0.00000000   0.00000000     0.00000000   0.00000000
  0.00000000   0.00000000     0.01550313  -0.00000029    -0.00641757  -0.01343427
  0.00000000   0.00000000     0.00641716  -0.01343246    -0.02707268   0.00000002
    3    3
  0.19993739   0.00000000     0.00000000   0.00000000     0.00000000   0.00000000
  0.00000000   0.00000000     0.22771259   0.00000000    -0.00011162  -0.00874061
  0.00000000   0.00000000    -0.00011162   0.00874061     0.28686454   0.00000000

     Dynamical  Matrix in cartesian axes

     q = (   -0.000000000  -0.291444722  -0.000000000 ) 

    1    1
  0.44747797  -0.00000000     0.00000000  -0.00000000     0.00000000  -0.00000000
  0.00000000  -0.00000000     0.46646699  -0.00000000    -0.00001111  -0.00000380
  0.00000000  -0.00000000    -0.00001111   0.00000380     0.56068334  -0.00000000
    1    2
 -0.17161995   0.04177499    -0.00000000   0.00000000     0.00000000  -0.00000000
 -0.00000000   0.00000000    -0.09545282   0.08278871     0.07227235   0.08367305
  0.00000000  -0.00000000     0.06890362   0.07845409    -0.18137474   0.09323584
    1    3
 -0.17161913   0.04177486    -0.00000000   0.00000000     0.00000000  -0.00000000
 -0.00000000   0.00000000    -0.09545396   0.08278722    -0.07227095  -0.08367038
  0.00000000  -0.00000000    -0.06891431  -0.07844910    -0.18134976   0.09323748
    2    1
 -0.17161995  -0.04177499    -0.00000000  -0.00000000     0.00000000  -0.00000000
 -0.00000000  -0.00000000    -0.09545282  -0.08278871     0.06890362  -0.07845409
  0.00000000  -0.00000000     0.07227235  -0.08367305    -0.18137474  -0.09323584
    2    2
  0.19987576  -0.00000000     0.00000000  -0.00000000     0.00000000  -0.00000000
  0.00000000  -0.00000000     0.22764799  -0.00000000     0.00011002  -0.00874307
  0.00000000  -0.00000000     0.00011002   0.00874307     0.28676950  -0.00000000
    2    3
  0.00079478   0.00000023     0.00000000   0.00000000     0.00000000  -0.00000000
  0.00000000   0.00000000     0.01550313  -0.00000029     0.00641716  -0.01343246
  0.00000000  -0.00000000    -0.00641757  -0.01343427    -0.02707268   0.00000002
    3    1
 -0.17161913  -0.04177486    -0.00000000  -0.00000000     0.00000000  -0.00000000
 -0.00000000  -0.00000000    -0.09545396  -0.08278722    -0.06891431   0.07844910
  0.00000000  -0.00000000    -0.07227095   0.08367038    -0.18134976  -0.09323748
    3    2
  0.00079478  -0.00000023     0.00000000  -0.00000000     0.00000000  -0.00000000
  0.00000000  -0.00000000     0.01550313   0.00000029    -0.00641757   0.01343427
  0.00000000  -0.00000000     0.00641716   0.01343246    -0.02707268  -0.00000002
    3    3
  0.19993739  -0.00000000     0.00000000  -0.00000000     0.00000000  -0.00000000
  0.00000000  -0.00000000     0.22771259  -0.00000000    -0.00011162   0.00874061
  0.00000000  -0.00000000    -0.00011162  -0.00874061     0.28686454  -0.00000000

     Dynamical  Matrix in cartesian axes

     q = (    0.252398533  -0.145722361   0.000000000 ) 

    1    1
  0.46171974   0.00000000    -0.00822249   0.00000000    -0.00000962   0.00000329
 -0.00822249   0.00000000     0.45222522   0.00000000     0.00000555  -0.00000190
 -0.00000962  -0.00000329     0.00000555   0.00000190     0.56068334   0.00000000
    1    2
 -0.07253528   0.11449460     0.01775946   0.03298134    -0.07246299  -0.06258969
  0.01775946   0.03298134    -0.05202842   0.15257817     0.04183653   0.03613617
 -0.06794323  -0.05967229     0.03922704   0.03445181    -0.09323584   0.18137474
    1    3
 -0.07253413   0.11449525     0.01775887   0.03298049     0.07246067   0.06258848
  0.01775887   0.03298049    -0.05202795   0.15257784    -0.04183519  -0.03613547
  0.06793892   0.05968154    -0.03922455  -0.03445716    -0.09323748   0.18134976
    2    1
 -0.07253528  -0.11449460     0.01775946  -0.03298134    -0.06794323   0.05967229
  0.01775946  -0.03298134    -0.05202842  -0.15257817     0.03922704  -0.03445181
 -0.07246299   0.06258969     0.04183653  -0.03613617    -0.09323584  -0.18137474
    2    2
  0.22070493   0.00000000    -0.01202573   0.00000000     0.00009528   0.00757172
 -0.01202573   0.00000000     0.20681882   0.00000000    -0.00005501  -0.00437154
  0.00009528  -0.00757172    -0.00005501   0.00437154     0.28676950   0.00000000
    2    3
  0.01182604   0.00000016    -0.00636891  -0.00000022     0.00555742   0.01163285
 -0.00636891  -0.00000022     0.00447187  -0.00000010    -0.00320858  -0.00671623
 -0.00555778   0.01163442     0.00320879  -0.00671714    -0.02707268  -0.00000002
    3    1
 -0.07253413  -0.11449525     0.01775887  -0.03298049     0.06793892  -0.05968154
  0.01775887  -0.03298049    -0.05202795  -0.15257784    -0.03922455   0.03445716
  0.07246067  -0.06258848    -0.04183519   0.03613547    -0.09323748  -0.18134976
    3    2
  0.01182604  -0.00000016    -0.00636891   0.00000022    -0.00555778  -0.01163442
 -0.00636891   0.00000022     0.00447187   0.00000010     0.00320879   0.00671714
  0.00555742  -0.01163285    -0.00320858   0.00671623    -0.02707268   0.00000002
    3    3
  0.22076879   0.00000000    -0.01202701   0.00000000    -0.00009666  -0.00756959
 -0.01202701   0.00000000     0.20688119   0.00000000     0.00005581   0.00437031
 -0.00009666   0.00756959     0.00005581  -0.00437031     0.28686454   0.00000000

     Dynamical  Matrix in cartesian axes

     q = (   -0.252398533   0.145722361  -0.000000000 ) 

    1    1
  0.46171974  -0.00000000    -0.00822249  -0.00000000    -0.00000962  -0.00000329
 -0.00822249  -0.00000000     0.45222522  -0.00000000     0.00000555   0.00000190
 -0.00000962   0.00000329     0.00000555  -0.00000190     0.56068334  -0.00000000
    1    2
 -0.07253528  -0.11449460     0.01775946  -0.03298134    -0.07246299   0.06258969
  0.01775946  -0.03298134    -0.05202842  -0.15257817     0.04183653  -0.03613617
 -0.06794323   0.05967229     0.03922704  -0.03445181    -0.09323584  -0.18137474
    1    3
 -0.07253413  -0.11449525     0.01775887  -0.03298049     0.07246067  -0.06258848
  0.01775887  -0.03298049    -0.05202795  -0.15257784    -0.04183519   0.03613547
  0.06793892  -0.05968154    -0.03922455   0.03445716    -0.09323748  -0.18134976
    2    1
 -0.07253528   0.11449460     0.01775946   0.03298134    -0.06794323  -0.05967229
  0.01775946   0.03298134    -0.05202842   0.15257817     0.03922704   0.03445181
 -0.07246299  -0.06258969     0.04183653   0.03613617    -0.09323584   0.18137474
    2    2
  0.22070493  -0.00000000    -0.01202573  -0.00000000     0.00009528  -0.00757172
 -0.01202573  -0.00000000     0.20681882  -0.00000000    -0.00005501   0.00437154
  0.00009528   0.00757172    -0.00005501  -0.00437154     0.28676950  -0.00000000
    2    3
  0.01182604  -0.00000016    -0.00636891   0.00000022     0.00555742  -0.01163285
 -0.00636891   0.00000022     0.00447187   0.00000010    -0.00320858   0.00671623
 -0.00555778  -0.01163442     0.00320879   0.00671714    -0.02707268   0.00000002
    3    1
 -0.07253413   0.11449525     0.01775887   0.03298049     0.06793892   0.05968154
  0.01775887   0.03298049    -0.05202795   0.15257784    -0.03922455  -0.03445716
  0.07246067   0.06258848    -0.04183519  -0.03613547    -0.09323748   0.18134976
    3    2
  0.01182604   0.00000016    -0.00636891  -0.00000022    -0.00555778   0.01163442
 -0.00636891  -0.00000022     0.00447187  -0.00000010     0.00320879  -0.00671714
  0.00555742   0.01163285    -0.00320858  -0.00671623    -0.02707268  -0.00000002
    3    3
  0.22076879  -0.00000000    -0.01202701  -0.00000000    -0.00009666   0.00756959
 -0.01202701  -0.00000000     0.20688119  -0.00000000     0.00005581  -0.00437031
 -0.00009666  -0.00756959     0.00005581   0.00437031     0.28686454  -0.00000000

     Dynamical  Matrix in cartesian axes

     q = (   -0.252398533  -0.145722361   0.000000000 ) 

    1    1
  0.46171974   0.00000000     0.00822249   0.00000000     0.00000962  -0.00000329
  0.00822249   0.00000000     0.45222522   0.00000000     0.00000555  -0.00000190
  0.00000962   0.00000329     0.00000555   0.00000190     0.56068334   0.00000000
    1    2
 -0.11449460  -0.07253528     0.03298134  -0.01775946    -0.06258969   0.07246299
  0.03298134  -0.01775946    -0.15257817  -0.05202842    -0.03613617   0.04183653
 -0.05967229   0.06794323    -0.03445181   0.03922704    -0.18137474  -0.09323584
    1    3
 -0.11449525  -0.07253413     0.03298049  -0.01775887     0.06258848  -0.07246067
  0.03298049  -0.01775887    -0.15257784  -0.05202795     0.03613547  -0.04183519
  0.05968154  -0.06793892     0.03445716  -0.03922455    -0.18134976  -0.09323748
    2    1
 -0.11449460   0.07253528     0.03298134   0.01775946    -0.05967229  -0.06794323
  0.03298134   0.01775946    -0.15257817   0.05202842    -0.03445181  -0.03922704
 -0.06258969  -0.07246299    -0.03613617  -0.04183653    -0.18137474   0.09323584
    2    2
  0.22070493   0.00000000     0.01202573   0.00000000    -0.00009528  -0.00757172
  0.01202573   0.00000000     0.20681882   0.00000000    -0.00005501  -0.00437154
 -0.00009528   0.00757172    -0.00005501   0.00437154     0.28676950   0.00000000
    2    3
  0.01182604   0.00000016     0.00636891   0.00000022    -0.00555742  -0.01163285
  0.00636891   0.00000022     0.00447187  -0.00000010    -0.00320858  -0.00671623
  0.00555778  -0.01163442     0.00320879  -0.00671714    -0.02707268  -0.00000002
    3    1
 -0.11449525   0.07253413     0.03298049   0.01775887     0.05968154   0.06793892
  0.03298049   0.01775887    -0.15257784   0.05202795     0.03445716   0.03922455
  0.06258848   0.07246067     0.03613547   0.04183519    -0.18134976   0.09323748
    3    2
  0.01182604  -0.00000016     0.00636891  -0.00000022     0.00555778   0.01163442
  0.00636891  -0.00000022     0.00447187   0.00000010     0.00320879   0.00671714
 -0.00555742   0.01163285    -0.00320858   0.00671623    -0.02707268   0.00000002
    3    3
  0.22076879   0.00000000     0.01202701   0.00000000     0.00009666   0.00756959
  0.01202701   0.00000000     0.20688119   0.00000000     0.00005581   0.00437031
  0.00009666  -0.00756959     0.00005581  -0.00437031     0.28686454   0.00000000

     Dynamical  Matrix in cartesian axes

     q = (    0.252398533   0.145722361  -0.000000000 ) 

    1    1
  0.46171974  -0.00000000     0.00822249  -0.00000000     0.00000962   0.00000329
  0.00822249  -0.00000000     0.45222522  -0.00000000     0.00000555   0.00000190
  0.00000962  -0.00000329     0.00000555  -0.00000190     0.56068334  -0.00000000
    1    2
 -0.11449460   0.07253528     0.03298134   0.01775946    -0.06258969  -0.07246299
  0.03298134   0.01775946    -0.15257817   0.05202842    -0.03613617  -0.04183653
 -0.05967229  -0.06794323    -0.03445181  -0.03922704    -0.18137474   0.09323584
    1    3
 -0.11449525   0.07253413     0.03298049   0.01775887     0.06258848   0.07246067
  0.03298049   0.01775887    -0.15257784   0.05202795     0.03613547   0.04183519
  0.05968154   0.06793892     0.03445716   0.03922455    -0.18134976   0.09323748
    2    1
 -0.11449460  -0.07253528     0.03298134  -0.01775946    -0.05967229   0.06794323
  0.03298134  -0.01775946    -0.15257817  -0.05202842    -0.03445181   0.03922704
 -0.06258969   0.07246299    -0.03613617   0.04183653    -0.18137474  -0.09323584
    2    2
  0.22070493  -0.00000000     0.01202573  -0.00000000    -0.00009528   0.00757172
  0.01202573  -0.00000000     0.20681882  -0.00000000    -0.00005501   0.00437154
 -0.00009528  -0.00757172    -0.00005501  -0.00437154     0.28676950  -0.00000000
    2    3
  0.01182604  -0.00000016     0.00636891  -0.00000022    -0.00555742   0.01163285
  0.00636891  -0.00000022     0.00447187   0.00000010    -0.00320858   0.00671623
  0.00555778   0.01163442     0.00320879   0.00671714    -0.02707268   0.00000002
    3    1
 -0.11449525  -0.07253413     0.03298049  -0.01775887     0.05968154  -0.06793892
  0.03298049  -0.01775887    -0.15257784  -0.05202795     0.03445716  -0.03922455
  0.06258848  -0.07246067     0.03613547  -0.04183519    -0.18134976  -0.09323748
    3    2
  0.01182604   0.00000016     0.00636891   0.00000022     0.00555778  -0.01163442
  0.00636891   0.00000022     0.00447187  -0.00000010     0.00320879  -0.00671714
 -0.00555742  -0.01163285    -0.00320858  -0.00671623    -0.02707268  -0.00000002
    3    3
  0.22076879  -0.00000000     0.01202701  -0.00000000     0.00009666  -0.00756959
  0.01202701  -0.00000000     0.20688119  -0.00000000     0.00005581  -0.00437031
  0.00009666   0.00756959     0.00005581   0.00437031     0.28686454  -0.00000000

     Diagonalizing the dynamical matrix

     q = (    0.000000000   0.291444722   0.000000000 ) 

 **************************************************************************
     freq (    1) =       2.618680 [THz] =      87.349770 [cm-1]
 ( -0.000000 -0.000000 -0.000005  0.000055  0.476977  0.243804 ) 
 (  0.000000  0.000000 -0.087314 -0.335652  0.486173 -0.000005 ) 
 ( -0.000000 -0.000000  0.087366  0.335610  0.485939  0.000000 ) 
     freq (    2) =       3.247050 [THz] =     108.309919 [cm-1]
 ( -0.285386  0.490687  0.000000 -0.000000 -0.000000  0.000000 ) 
 ( -0.165386  0.558267  0.000000 -0.000000 -0.000000  0.000000 ) 
 ( -0.165324  0.558063  0.000000 -0.000000  0.000000  0.000000 ) 
     freq (    3) =       4.804914 [THz] =     160.274689 [cm-1]
 (  0.000000 -0.000000  0.400787 -0.502042  0.000028  0.000041 ) 
 (  0.000000 -0.000000 -0.028445 -0.456154 -0.291376  0.000051 ) 
 (  0.000000 -0.000000 -0.028447 -0.455902  0.291345  0.000000 ) 
     freq (    4) =       8.587028 [THz] =     286.432408 [cm-1]
 ( -0.000002 -0.000123 -0.000000  0.000000 -0.000000 -0.000000 ) 
 (  0.171502  0.686045 -0.000000 -0.000000 -0.000000 -0.000000 ) 
 ( -0.171477 -0.685948  0.000000  0.000000 -0.000000  0.000000 ) 
     freq (    5) =       9.411627 [THz] =     313.938084 [cm-1]
 (  0.000000  0.000000 -0.000075  0.000142 -0.089044 -0.049415 ) 
 ( -0.000000 -0.000000 -0.153662 -0.622587 -0.289526 -0.000162 ) 
 (  0.000000  0.000000  0.153448  0.622232 -0.289585  0.000000 ) 
     freq (    6) =      10.170265 [THz] =     339.243508 [cm-1]
 ( -0.000000  0.000000  0.122572 -0.089033  0.000084  0.000032 ) 
 (  0.000000 -0.000000 -0.049338  0.568434 -0.403527 -0.000183 ) 
 (  0.000000 -0.000000 -0.049525  0.568850  0.403261  0.000000 ) 
     freq (    7) =      10.916115 [THz] =     364.122402 [cm-1]
 (  0.222419 -0.375177 -0.000000  0.000000  0.000000  0.000000 ) 
 ( -0.185782  0.608416 -0.000000  0.000000 -0.000000 -0.000000 ) 
 ( -0.185877  0.608718 -0.000000  0.000000  0.000000  0.000000 ) 
     freq (    8) =      11.726405 [THz] =     391.150765 [cm-1]
 ( -0.000000  0.000000 -0.224132  0.230665  0.000267  0.000162 ) 
 (  0.000000 -0.000000  0.047450 -0.294496 -0.599588 -0.000063 ) 
 (  0.000000 -0.000000  0.047411 -0.294924  0.599037  0.000000 ) 
     freq (    9) =      12.195070 [THz] =     406.783745 [cm-1]
 ( -0.000000  0.000000 -0.000107  0.000140 -0.394133 -0.204011 ) 
 ( -0.000000 -0.000000 -0.037828 -0.166099  0.609851  0.000113 ) 
 (  0.000000  0.000000  0.037893  0.165916  0.610849  0.000000 ) 
 **************************************************************************
