Dynamical matrix file
default                                                                    
  2    3   0   6.0288231   0.0000000   0.0000000   0.0000000   0.0000000   0.0000000
Basis vectors
      0.990497041    0.000000000    0.000000000
     -0.495248521    0.857795600    0.000000000
      0.000000000    0.000000000    6.000000000
           1  'Mo  '    87453.075126275595     
           2  'S   '    29225.459655279068     
    1    1     -0.0000000003      0.5718637328      1.0800008886
    2    2      0.4952485198      0.2859318664      1.5786839298
    3    2      0.4952485198      0.2859318664      0.5813151816

     Dynamical  Matrix in cartesian axes

     q = (    0.000000000   0.145722361   0.000000000 ) 

    1    1
  0.41666620   0.00000000     0.00000000   0.00000000     0.00000000   0.00000000
  0.00000000   0.00000000     0.42014925   0.00000000     0.00000195   0.00000230
  0.00000000   0.00000000     0.00000195  -0.00000230     0.57212011   0.00000000
    1    2
 -0.18938737  -0.03003956    -0.00000000  -0.00000000     0.00000000   0.00000000
 -0.00000000  -0.00000000    -0.16455084  -0.06149209     0.01946412  -0.04881069
  0.00000000   0.00000000     0.02142889  -0.06010482    -0.25484766  -0.06708182
    1    3
 -0.18938532  -0.03003908    -0.00000000  -0.00000000     0.00000000   0.00000000
 -0.00000000  -0.00000000    -0.16454954  -0.06148922    -0.01946420   0.04880515
  0.00000000   0.00000000    -0.02142540   0.06009931    -0.25482611  -0.06707459
    2    1
 -0.18938737   0.03003956    -0.00000000   0.00000000     0.00000000   0.00000000
 -0.00000000   0.00000000    -0.16455084   0.06149209     0.02142889   0.06010482
  0.00000000   0.00000000     0.01946412   0.04881069    -0.25484766   0.06708182
    2    2
  0.19319148   0.00000000     0.00000000   0.00000000     0.00000000   0.00000000
  0.00000000   0.00000000     0.20032106   0.00000000     0.00040214   0.00219667
  0.00000000   0.00000000     0.00040214  -0.00219667     0.30136058   0.00000000
    2    3
  0.00518835  -0.00000007     0.00000000  -0.00000000     0.00000000   0.00000000
  0.00000000  -0.00000000     0.00874493   0.00000085     0.00149729   0.01200985
  0.00000000   0.00000000    -0.00149824   0.01201546    -0.02473482   0.00000062
    3    1
 -0.18938532   0.03003908    -0.00000000   0.00000000     0.00000000   0.00000000
 -0.00000000   0.00000000    -0.16454954   0.06148922    -0.02142540  -0.06009931
  0.00000000   0.00000000    -0.01946420  -0.04880515    -0.25482611   0.06707459
    3    2
  0.00518835   0.00000007     0.00000000   0.00000000     0.00000000   0.00000000
  0.00000000   0.00000000     0.00874493  -0.00000085    -0.00149824  -0.01201546
  0.00000000   0.00000000     0.00149729  -0.01200985    -0.02473482  -0.00000062
    3    3
  0.19325346   0.00000000     0.00000000   0.00000000     0.00000000   0.00000000
  0.00000000   0.00000000     0.20038237   0.00000000    -0.00040050  -0.00219973
  0.00000000   0.00000000    -0.00040050   0.00219973     0.30146045   0.00000000

     Dynamical  Matrix in cartesian axes

     q = (   -0.000000000  -0.145722361  -0.000000000 ) 

    1    1
  0.41666620  -0.00000000     0.00000000  -0.00000000     0.00000000  -0.00000000
  0.00000000  -0.00000000     0.42014925  -0.00000000     0.00000195  -0.00000230
  0.00000000  -0.00000000     0.00000195   0.00000230     0.57212011  -0.00000000
    1    2
 -0.18938737   0.03003956    -0.00000000   0.00000000     0.00000000  -0.00000000
 -0.00000000   0.00000000    -0.16455084   0.06149209     0.01946412   0.04881069
  0.00000000  -0.00000000     0.02142889   0.06010482    -0.25484766   0.06708182
    1    3
 -0.18938532   0.03003908    -0.00000000   0.00000000     0.00000000  -0.00000000
 -0.00000000   0.00000000    -0.16454954   0.06148922    -0.01946420  -0.04880515
  0.00000000  -0.00000000    -0.02142540  -0.06009931    -0.25482611   0.06707459
    2    1
 -0.18938737  -0.03003956    -0.00000000  -0.00000000     0.00000000  -0.00000000
 -0.00000000  -0.00000000    -0.16455084  -0.06149209     0.02142889  -0.06010482
  0.00000000  -0.00000000     0.01946412  -0.04881069    -0.25484766  -0.06708182
    2    2
  0.19319148  -0.00000000     0.00000000  -0.00000000     0.00000000  -0.00000000
  0.00000000  -0.00000000     0.20032106  -0.00000000     0.00040214  -0.00219667
  0.00000000  -0.00000000     0.00040214   0.00219667     0.30136058  -0.00000000
    2    3
  0.00518835   0.00000007     0.00000000   0.00000000     0.00000000  -0.00000000
  0.00000000   0.00000000     0.00874493  -0.00000085     0.00149729  -0.01200985
  0.00000000  -0.00000000    -0.00149824  -0.01201546    -0.02473482  -0.00000062
    3    1
 -0.18938532  -0.03003908    -0.00000000  -0.00000000     0.00000000  -0.00000000
 -0.00000000  -0.00000000    -0.16454954  -0.06148922    -0.02142540   0.06009931
  0.00000000  -0.00000000    -0.01946420   0.04880515    -0.25482611  -0.06707459
    3    2
  0.00518835  -0.00000007     0.00000000  -0.00000000     0.00000000  -0.00000000
  0.00000000  -0.00000000     0.00874493   0.00000085    -0.00149824   0.01201546
  0.00000000  -0.00000000     0.00149729   0.01200985    -0.02473482   0.00000062
    3    3
  0.19325346  -0.00000000     0.00000000  -0.00000000     0.00000000  -0.00000000
  0.00000000  -0.00000000     0.20038237  -0.00000000    -0.00040050   0.00219973
  0.00000000  -0.00000000    -0.00040050  -0.00219973     0.30146045  -0.00000000

     Dynamical  Matrix in cartesian axes

     q = (    0.126199266  -0.072861180   0.000000000 ) 

    1    1
  0.41927849   0.00000000    -0.00150820   0.00000000     0.00000169   0.00000199
 -0.00150820   0.00000000     0.41753697   0.00000000    -0.00000098  -0.00000115
  0.00000169  -0.00000199    -0.00000098   0.00000115     0.57212011   0.00000000
    1    2
 -0.15866694   0.08282413     0.00202573   0.01723494    -0.01797103  -0.04180962
  0.00202573   0.01723494    -0.15632782   0.10272532     0.01037558   0.02413879
 -0.02368408  -0.04992900     0.01367401   0.02882652    -0.22763852   0.13277050
    1    3
 -0.15866428   0.08282469     0.00202523   0.01723397     0.01796758   0.04180627
  0.00202523   0.01723397    -0.15632574   0.10272477    -0.01037359  -0.02413686
  0.02368284   0.04992348    -0.01367329  -0.02882334    -0.22761817   0.13276037
    2    1
 -0.15866694  -0.08282413     0.00202573  -0.01723494    -0.02368408   0.04992900
  0.00202573  -0.01723494    -0.15632782  -0.10272532     0.01367401  -0.02882652
 -0.01797103   0.04180962     0.01037558  -0.02413879    -0.22763852  -0.13277050
    2    2
  0.19853866   0.00000000    -0.00308720   0.00000000     0.00034826   0.00190237
 -0.00308720   0.00000000     0.19497387   0.00000000    -0.00020107  -0.00109833
  0.00034826  -0.00190237    -0.00020107   0.00109833     0.30136058   0.00000000
    2    3
  0.00785578   0.00000062    -0.00154005  -0.00000040     0.00129669   0.01040084
 -0.00154005  -0.00000040     0.00607749   0.00000016    -0.00074864  -0.00600493
 -0.00129752   0.01040569     0.00074912  -0.00600773    -0.02473482   0.00000062
    3    1
 -0.15866428  -0.08282469     0.00202523  -0.01723397     0.02368284  -0.04992348
  0.00202523  -0.01723397    -0.15632574  -0.10272477    -0.01367329   0.02882334
  0.01796758  -0.04180627    -0.01037359   0.02413686    -0.22761817  -0.13276037
    3    2
  0.00785578  -0.00000062    -0.00154005   0.00000040    -0.00129752  -0.01040569
 -0.00154005   0.00000040     0.00607749  -0.00000016     0.00074912   0.00600773
  0.00129669  -0.01040084    -0.00074864   0.00600493    -0.02473482  -0.00000062
    3    3
  0.19860014   0.00000000    -0.00308691   0.00000000    -0.00034684  -0.00190503
 -0.00308691   0.00000000     0.19503568   0.00000000     0.00020025   0.00109987
 -0.00034684   0.00190503     0.00020025  -0.00109987     0.30146045   0.00000000

     Dynamical  Matrix in cartesian axes

     q = (   -0.126199266   0.072861180  -0.000000000 ) 

    1    1
  0.41927849  -0.00000000    -0.00150820  -0.00000000     0.00000169  -0.00000199
 -0.00150820  -0.00000000     0.41753697  -0.00000000    -0.00000098   0.00000115
  0.00000169   0.00000199    -0.00000098  -0.00000115     0.57212011  -0.00000000
    1    2
 -0.15866694  -0.08282413     0.00202573  -0.01723494    -0.01797103   0.04180962
  0.00202573  -0.01723494    -0.15632782  -0.10272532     0.01037558  -0.02413879
 -0.02368408   0.04992900     0.01367401  -0.02882652    -0.22763852  -0.13277050
    1    3
 -0.15866428  -0.08282469     0.00202523  -0.01723397     0.01796758  -0.04180627
  0.00202523  -0.01723397    -0.15632574  -0.10272477    -0.01037359   0.02413686
  0.02368284  -0.04992348    -0.01367329   0.02882334    -0.22761817  -0.13276037
    2    1
 -0.15866694   0.08282413     0.00202573   0.01723494    -0.02368408  -0.04992900
  0.00202573   0.01723494    -0.15632782   0.10272532     0.01367401   0.02882652
 -0.01797103  -0.04180962     0.01037558   0.02413879    -0.22763852   0.13277050
    2    2
  0.19853866  -0.00000000    -0.00308720  -0.00000000     0.00034826  -0.00190237
 -0.00308720  -0.00000000     0.19497387  -0.00000000    -0.00020107   0.00109833
  0.00034826   0.00190237    -0.00020107  -0.00109833     0.30136058  -0.00000000
    2    3
  0.00785578  -0.00000062    -0.00154005   0.00000040     0.00129669  -0.01040084
 -0.00154005   0.00000040     0.00607749  -0.00000016    -0.00074864   0.00600493
 -0.00129752  -0.01040569     0.00074912   0.00600773    -0.02473482  -0.00000062
    3    1
 -0.15866428   0.08282469     0.00202523   0.01723397     0.02368284   0.04992348
  0.00202523   0.01723397    -0.15632574   0.10272477    -0.01367329  -0.02882334
  0.01796758   0.04180627    -0.01037359  -0.02413686    -0.22761817   0.13276037
    3    2
  0.00785578   0.00000062    -0.00154005  -0.00000040    -0.00129752   0.01040569
 -0.00154005  -0.00000040     0.00607749   0.00000016     0.00074912  -0.00600773
  0.00129669   0.01040084    -0.00074864  -0.00600493    -0.02473482   0.00000062
    3    3
  0.19860014  -0.00000000    -0.00308691  -0.00000000    -0.00034684   0.00190503
 -0.00308691  -0.00000000     0.19503568  -0.00000000     0.00020025  -0.00109987
 -0.00034684  -0.00190503     0.00020025   0.00109987     0.30146045  -0.00000000

     Dynamical  Matrix in cartesian axes

     q = (   -0.126199266  -0.072861181   0.000000000 ) 

    1    1
  0.41927849   0.00000000     0.00150820   0.00000000    -0.00000169  -0.00000199
  0.00150820   0.00000000     0.41753697   0.00000000    -0.00000098  -0.00000115
 -0.00000169   0.00000199    -0.00000098   0.00000115     0.57212011   0.00000000
    1    2
 -0.17075997  -0.05362896     0.01075453  -0.01361935    -0.01685643   0.04227130
  0.01075453  -0.01361935    -0.18317824  -0.03790269    -0.00973206   0.02440535
 -0.01855796   0.05205230    -0.01071444   0.03005241    -0.25484766  -0.06708182
    1    3
 -0.17075848  -0.05362669     0.01075421  -0.01361831     0.01685650  -0.04226650
  0.01075421  -0.01361831    -0.18317637  -0.03790161     0.00973210  -0.02440257
  0.01855494  -0.05204753     0.01071270  -0.03004965    -0.25482611  -0.06707459
    2    1
 -0.17075997   0.05362896     0.01075453   0.01361935    -0.01855796  -0.05205230
  0.01075453   0.01361935    -0.18317824   0.03790269    -0.01071444  -0.03005241
 -0.01685643  -0.04227130    -0.00973206  -0.02440535    -0.25484766   0.06708182
    2    2
  0.19853866   0.00000000     0.00308720   0.00000000    -0.00034826  -0.00190237
  0.00308720   0.00000000     0.19497387   0.00000000    -0.00020107  -0.00109833
 -0.00034826   0.00190237    -0.00020107   0.00109833     0.30136058   0.00000000
    2    3
  0.00785578   0.00000062     0.00154005   0.00000040    -0.00129669  -0.01040084
  0.00154005   0.00000040     0.00607749   0.00000016    -0.00074864  -0.00600493
  0.00129752  -0.01040569     0.00074912  -0.00600773    -0.02473482   0.00000062
    3    1
 -0.17075848   0.05362669     0.01075421   0.01361831     0.01855494   0.05204753
  0.01075421   0.01361831    -0.18317637   0.03790161     0.01071270   0.03004965
  0.01685650   0.04226650     0.00973210   0.02440257    -0.25482611   0.06707459
    3    2
  0.00785578  -0.00000062     0.00154005  -0.00000040     0.00129752   0.01040569
  0.00154005  -0.00000040     0.00607749  -0.00000016     0.00074912   0.00600773
 -0.00129669   0.01040084    -0.00074864   0.00600493    -0.02473482  -0.00000062
    3    3
  0.19860014   0.00000000     0.00308691   0.00000000     0.00034684   0.00190503
  0.00308691   0.00000000     0.19503568   0.00000000     0.00020025   0.00109987
  0.00034684  -0.00190503     0.00020025  -0.00109987     0.30146045   0.00000000

     Dynamical  Matrix in cartesian axes

     q = (    0.126199266   0.072861181  -0.000000000 ) 

    1    1
  0.41927849  -0.00000000     0.00150820  -0.00000000    -0.00000169   0.00000199
  0.00150820  -0.00000000     0.41753697  -0.00000000    -0.00000098   0.00000115
 -0.00000169  -0.00000199    -0.00000098  -0.00000115     0.57212011  -0.00000000
    1    2
 -0.17075997   0.05362896     0.01075453   0.01361935    -0.01685643  -0.04227130
  0.01075453   0.01361935    -0.18317824   0.03790269    -0.00973206  -0.02440535
 -0.01855796  -0.05205230    -0.01071444  -0.03005241    -0.25484766   0.06708182
    1    3
 -0.17075848   0.05362669     0.01075421   0.01361831     0.01685650   0.04226650
  0.01075421   0.01361831    -0.18317637   0.03790161     0.00973210   0.02440257
  0.01855494   0.05204753     0.01071270   0.03004965    -0.25482611   0.06707459
    2    1
 -0.17075997  -0.05362896     0.01075453  -0.01361935    -0.01855796   0.05205230
  0.01075453  -0.01361935    -0.18317824  -0.03790269    -0.01071444   0.03005241
 -0.01685643   0.04227130    -0.00973206   0.02440535    -0.25484766  -0.06708182
    2    2
  0.19853866  -0.00000000     0.00308720  -0.00000000    -0.00034826   0.00190237
  0.00308720  -0.00000000     0.19497387  -0.00000000    -0.00020107   0.00109833
 -0.00034826  -0.00190237    -0.00020107  -0.00109833     0.30136058  -0.00000000
    2    3
  0.00785578  -0.00000062     0.00154005  -0.00000040    -0.00129669   0.01040084
  0.00154005  -0.00000040     0.00607749  -0.00000016    -0.00074864   0.00600493
  0.00129752   0.01040569     0.00074912   0.00600773    -0.02473482  -0.00000062
    3    1
 -0.17075848  -0.05362669     0.01075421  -0.01361831     0.01855494  -0.05204753
  0.01075421  -0.01361831    -0.18317637  -0.03790161     0.01071270  -0.03004965
  0.01685650  -0.04226650     0.00973210  -0.02440257    -0.25482611  -0.06707459
    3    2
  0.00785578   0.00000062     0.00154005   0.00000040     0.00129752  -0.01040569
  0.00154005   0.00000040     0.00607749   0.00000016     0.00074912  -0.00600773
 -0.00129669  -0.01040084    -0.00074864  -0.00600493    -0.02473482   0.00000062
    3    3
  0.19860014  -0.00000000     0.00308691  -0.00000000     0.00034684  -0.00190503
  0.00308691  -0.00000000     0.19503568  -0.00000000     0.00020025  -0.00109987
  0.00034684   0.00190503     0.00020025   0.00109987     0.30146045  -0.00000000

     Diagonalizing the dynamical matrix

     q = (    0.000000000   0.145722361   0.000000000 ) 

 **************************************************************************
     freq (    1) =       0.718736 [THz] =      23.974445 [cm-1]
 ( -0.000000  0.000000  0.000026 -0.000023 -0.536552 -0.140742 ) 
 ( -0.000000 -0.000000  0.021409  0.225944 -0.542919 -0.000003 ) 
 (  0.000000  0.000000 -0.021372 -0.225945 -0.542702  0.000000 ) 
     freq (    2) =       1.855217 [THz] =      61.883387 [cm-1]
 ( -0.159753  0.549260  0.000000 -0.000000  0.000000 -0.000000 ) 
 ( -0.072749  0.575521  0.000000 -0.000000 -0.000000 -0.000000 ) 
 ( -0.072723  0.575315  0.000000 -0.000000  0.000000  0.000000 ) 
     freq (    3) =       2.845570 [THz] =      94.917986 [cm-1]
 (  0.000000 -0.000000  0.207297 -0.551224  0.000027 -0.000010 ) 
 (  0.000000 -0.000000  0.000438 -0.558915 -0.119710 -0.000038 ) 
 (  0.000000 -0.000000  0.000466 -0.558692  0.119693  0.000000 ) 
     freq (    4) =       8.344738 [THz] =     278.350487 [cm-1]
 (  0.000008 -0.000112 -0.000000  0.000000 -0.000000 -0.000000 ) 
 (  0.060246  0.704575 -0.000000 -0.000000 -0.000000  0.000000 ) 
 ( -0.060238 -0.704497  0.000000  0.000000 -0.000000  0.000000 ) 
     freq (    5) =       8.662590 [THz] =     288.952904 [cm-1]
 ( -0.000000  0.000000 -0.000037  0.000116 -0.079285 -0.022738 ) 
 ( -0.000000 -0.000000 -0.057845 -0.683721 -0.160796  0.000008 ) 
 (  0.000000  0.000000  0.057834  0.683617 -0.160760  0.000000 ) 
     freq (    6) =      10.672634 [THz] =     356.000746 [cm-1]
 ( -0.000000  0.000000  0.110807 -0.231753  0.000080  0.000023 ) 
 (  0.000000 -0.000000 -0.035294  0.502351 -0.461905 -0.000004 ) 
 (  0.000000 -0.000000 -0.035304  0.502544  0.461799  0.000000 ) 
     freq (    7) =      11.027311 [THz] =     367.831512 [cm-1]
 (  0.134545 -0.410665  0.000000  0.000000  0.000000  0.000000 ) 
 ( -0.101131  0.629463 -0.000000  0.000000 -0.000000  0.000000 ) 
 ( -0.101176  0.629734 -0.000000  0.000000  0.000000  0.000000 ) 
     freq (    8) =      11.323018 [THz] =     377.695225 [cm-1]
 ( -0.000000  0.000000 -0.117402  0.261910  0.000136  0.000036 ) 
 (  0.000000 -0.000000  0.028180 -0.324357 -0.593992  0.000011 ) 
 (  0.000000 -0.000000  0.028194 -0.324574  0.593842  0.000000 ) 
     freq (    9) =      12.987173 [THz] =     433.205449 [cm-1]
 ( -0.000000  0.000000 -0.000014  0.000023 -0.419124 -0.110606 ) 
 ( -0.000000 -0.000000 -0.004280 -0.070364  0.633095 -0.000003 ) 
 (  0.000000  0.000000  0.004287  0.070328  0.633529  0.000000 ) 
 **************************************************************************
