Dynamical matrix file
File generated with the CellConstructor by Lorenzo Monacelli
3 5 0     1.8897259890000000     0.0000000000000000     0.0000000000000000     0.0000000000000000     0.0000000000000000     0.0000000000000000
Basis vectors
    6.2340501132548267     0.0000000000000000     0.0000000000000000
    0.0000000000000000     6.2340501132548267     0.0000000000000000
    0.0000000000000000     0.0000000000000000     6.2340501132548267
	1  'Cs '  121135.9130928798404057
	2  'Pb '  188851.2534489461977500
	3  'I '  115666.3524506476387614
    1     1     3.1170250566274138     3.1170250566274138     3.1170250566274138
    2     2     0.0000000000000004     0.0000000000000004     0.0000000000000004
    3     3     3.1170250566274138     0.0000000000000004     0.0000000000000004
    4     3     0.0000000000000004     0.0000000000000004     3.1170250566274138
    5     3     0.0000000000000004     3.1170250566274138     0.0000000000000004

     Dynamical Matrix in cartesian axes

     q = (    -0.080204680892     0.000000000000     0.000000000000 )

    1    1
     0.0153154955307862     0.0000000000000000        0.0000000000000000     0.0000000000000000        0.0000000000000000     0.0000000000000000
     0.0000000000000000     0.0000000000000000        0.0102639484946168     0.0000000000000000        0.0000000000000000     0.0000000000000000
     0.0000000000000000     0.0000000000000000        0.0000000000000000     0.0000000000000000        0.0102639484946168     0.0000000000000000
    1    2
     0.0000000000000000     0.0000000000000000        0.0000000000000000     0.0000000000000000        0.0000000000000000     0.0000000000000000
     0.0000000000000000     0.0000000000000000        0.0000000000000000     0.0000000000000000        0.0000000000000000    -0.0000000000000000
     0.0000000000000000     0.0000000000000000        0.0000000000000000    -0.0000000000000000        0.0000000000000000     0.0000000000000000
    1    3
    -0.0048988890027015     0.0000000000000000        0.0000000000000000     0.0000000000000000        0.0000000000000000     0.0000000000000000
     0.0000000000000000     0.0000000000000000       -0.0035878162458305     0.0000000000000000        0.0000000000000000     0.0000000000000000
     0.0000000000000000     0.0000000000000000        0.0000000000000000     0.0000000000000000       -0.0035878162458305     0.0000000000000000
    1    4
     0.0000000000000000     0.0000000000000000        0.0000000000000000     0.0000000000000000        0.0000000000000000     0.0000000000000000
     0.0000000000000000     0.0000000000000000       -0.0000000000000000    -0.0000000000000000        0.0000000000000000    -0.0000000000000000
     0.0000000000000000     0.0000000000000000        0.0000000000000000     0.0000000000000000       -0.0000000000000000    -0.0000000000000000
    1    5
     0.0000000000000000     0.0000000000000000        0.0000000000000000     0.0000000000000000        0.0000000000000000     0.0000000000000000
     0.0000000000000000     0.0000000000000000       -0.0000000000000000    -0.0000000000000000        0.0000000000000000    -0.0000000000000000
     0.0000000000000000     0.0000000000000000        0.0000000000000000    -0.0000000000000000       -0.0000000000000000    -0.0000000000000000
    2    1
     0.0000000000000000    -0.0000000000000000        0.0000000000000000     0.0000000000000000        0.0000000000000000     0.0000000000000000
     0.0000000000000000     0.0000000000000000        0.0000000000000000    -0.0000000000000000        0.0000000000000000     0.0000000000000000
     0.0000000000000000     0.0000000000000000        0.0000000000000000     0.0000000000000000        0.0000000000000000    -0.0000000000000000
    2    2
     0.0874359247628116     0.0000000000000000        0.0000000000000000     0.0000000000000000        0.0000000000000000     0.0000000000000000
     0.0000000000000000     0.0000000000000000        0.0489776681791767     0.0000000000000000        0.0000000000000000     0.0000000000000000
     0.0000000000000000     0.0000000000000000        0.0000000000000000     0.0000000000000000        0.0489776681791767     0.0000000000000000
    2    3
    -0.0000000000000000     0.0000000000000000        0.0000000000000000     0.0000000000000000        0.0000000000000000     0.0000000000000000
     0.0000000000000000     0.0000000000000000       -0.0000000000000000     0.0000000000000000       -0.0000000000000000    -0.0000000000000000
     0.0000000000000000     0.0000000000000000       -0.0000000000000000    -0.0000000000000000       -0.0000000000000000     0.0000000000000000
    2    4
    -0.0048327240752855     0.0000000000000000        0.0000000000000000     0.0000000000000000        0.0000000000000000     0.0000000000000000
     0.0000000000000000     0.0000000000000000       -0.0005019669752448     0.0000000000000000        0.0000000000000000     0.0000000000000000
     0.0000000000000000     0.0000000000000000        0.0000000000000000     0.0000000000000000       -0.0447582377376516     0.0000000000000000
    2    5
    -0.0048327240752855     0.0000000000000000        0.0000000000000000     0.0000000000000000        0.0000000000000000     0.0000000000000000
     0.0000000000000000     0.0000000000000000       -0.0447582377376516     0.0000000000000000        0.0000000000000000     0.0000000000000000
     0.0000000000000000     0.0000000000000000        0.0000000000000000     0.0000000000000000       -0.0005019669752448     0.0000000000000000
    3    1
    -0.0048988890027015     0.0000000000000000        0.0000000000000000     0.0000000000000000        0.0000000000000000     0.0000000000000000
     0.0000000000000000     0.0000000000000000       -0.0035878162458305     0.0000000000000000        0.0000000000000000     0.0000000000000000
     0.0000000000000000     0.0000000000000000        0.0000000000000000     0.0000000000000000       -0.0035878162458305     0.0000000000000000
    3    2
    -0.0000000000000000    -0.0000000000000000        0.0000000000000000     0.0000000000000000        0.0000000000000000     0.0000000000000000
     0.0000000000000000     0.0000000000000000       -0.0000000000000000    -0.0000000000000000       -0.0000000000000000     0.0000000000000000
     0.0000000000000000     0.0000000000000000       -0.0000000000000000     0.0000000000000000       -0.0000000000000000    -0.0000000000000000
    3    3
     0.1294243949216586     0.0000000000000000        0.0000000000000000     0.0000000000000000        0.0000000000000000     0.0000000000000000
     0.0000000000000000     0.0000000000000000        0.0103608163835920     0.0000000000000000        0.0000000000000000     0.0000000000000000
     0.0000000000000000     0.0000000000000000        0.0000000000000000     0.0000000000000000        0.0103608163835920     0.0000000000000000
    3    4
    -0.0000000000000000    -0.0000000000000000        0.0000000000000000     0.0000000000000000        0.0000000000000000     0.0000000000000000
     0.0000000000000000     0.0000000000000000        0.0000000000000000     0.0000000000000000       -0.0000000000000000    -0.0000000000000000
     0.0000000000000000     0.0000000000000000       -0.0000000000000000    -0.0000000000000000        0.0000000000000000     0.0000000000000000
    3    5
    -0.0000000000000000    -0.0000000000000000        0.0000000000000000     0.0000000000000000        0.0000000000000000     0.0000000000000000
     0.0000000000000000     0.0000000000000000        0.0000000000000000     0.0000000000000000        0.0000000000000000     0.0000000000000000
     0.0000000000000000     0.0000000000000000       -0.0000000000000000    -0.0000000000000000        0.0000000000000000     0.0000000000000000
    4    1
     0.0000000000000000    -0.0000000000000000        0.0000000000000000     0.0000000000000000        0.0000000000000000     0.0000000000000000
     0.0000000000000000     0.0000000000000000       -0.0000000000000000     0.0000000000000000        0.0000000000000000    -0.0000000000000000
     0.0000000000000000     0.0000000000000000        0.0000000000000000     0.0000000000000000       -0.0000000000000000     0.0000000000000000
    4    2
    -0.0048327240752855     0.0000000000000000        0.0000000000000000     0.0000000000000000        0.0000000000000000     0.0000000000000000
     0.0000000000000000     0.0000000000000000       -0.0005019669752448     0.0000000000000000        0.0000000000000000     0.0000000000000000
     0.0000000000000000     0.0000000000000000        0.0000000000000000     0.0000000000000000       -0.0447582377376516     0.0000000000000000
    4    3
    -0.0000000000000000     0.0000000000000000        0.0000000000000000     0.0000000000000000        0.0000000000000000     0.0000000000000000
     0.0000000000000000     0.0000000000000000        0.0000000000000000    -0.0000000000000000       -0.0000000000000000     0.0000000000000000
     0.0000000000000000     0.0000000000000000       -0.0000000000000000     0.0000000000000000        0.0000000000000000    -0.0000000000000000
    4    4
     0.0127514117482553     0.0000000000000000        0.0000000000000000     0.0000000000000000        0.0000000000000000     0.0000000000000000
     0.0000000000000000     0.0000000000000000        0.0103450099139743     0.0000000000000000        0.0000000000000000     0.0000000000000000
     0.0000000000000000     0.0000000000000000        0.0000000000000000     0.0000000000000000        0.0611535056673201     0.0000000000000000
    4    5
     0.0028765385362582     0.0000000000000000        0.0000000000000000     0.0000000000000000        0.0000000000000000     0.0000000000000000
     0.0000000000000000     0.0000000000000000       -0.0067563565356197     0.0000000000000000        0.0000000000000000     0.0000000000000000
     0.0000000000000000     0.0000000000000000        0.0000000000000000     0.0000000000000000       -0.0067563565356197     0.0000000000000000
    5    1
     0.0000000000000000    -0.0000000000000000        0.0000000000000000     0.0000000000000000        0.0000000000000000     0.0000000000000000
     0.0000000000000000     0.0000000000000000       -0.0000000000000000     0.0000000000000000        0.0000000000000000     0.0000000000000000
     0.0000000000000000     0.0000000000000000        0.0000000000000000     0.0000000000000000       -0.0000000000000000     0.0000000000000000
    5    2
    -0.0048327240752855     0.0000000000000000        0.0000000000000000     0.0000000000000000        0.0000000000000000     0.0000000000000000
     0.0000000000000000     0.0000000000000000       -0.0447582377376516     0.0000000000000000        0.0000000000000000     0.0000000000000000
     0.0000000000000000     0.0000000000000000        0.0000000000000000     0.0000000000000000       -0.0005019669752448     0.0000000000000000
    5    3
    -0.0000000000000000     0.0000000000000000        0.0000000000000000     0.0000000000000000        0.0000000000000000     0.0000000000000000
     0.0000000000000000     0.0000000000000000        0.0000000000000000    -0.0000000000000000       -0.0000000000000000     0.0000000000000000
     0.0000000000000000     0.0000000000000000        0.0000000000000000    -0.0000000000000000        0.0000000000000000    -0.0000000000000000
    5    4
     0.0028765385362582     0.0000000000000000        0.0000000000000000     0.0000000000000000        0.0000000000000000     0.0000000000000000
     0.0000000000000000     0.0000000000000000       -0.0067563565356197     0.0000000000000000        0.0000000000000000     0.0000000000000000
     0.0000000000000000     0.0000000000000000        0.0000000000000000     0.0000000000000000       -0.0067563565356197     0.0000000000000000
    5    5
     0.0127514117482553     0.0000000000000000        0.0000000000000000     0.0000000000000000        0.0000000000000000     0.0000000000000000
     0.0000000000000000     0.0000000000000000        0.0611535056673201     0.0000000000000000        0.0000000000000000     0.0000000000000000
     0.0000000000000000     0.0000000000000000        0.0000000000000000     0.0000000000000000        0.0103450099139743     0.0000000000000000

     Dynamical Matrix in cartesian axes

     q = (     0.000000000000    -0.080204680892     0.000000000000 )

    1    1
     0.0102639484946168     0.0000000000000000        0.0000000000000000     0.0000000000000000        0.0000000000000000     0.0000000000000000
     0.0000000000000000     0.0000000000000000        0.0153154955307862     0.0000000000000000        0.0000000000000000     0.0000000000000000
     0.0000000000000000     0.0000000000000000        0.0000000000000000     0.0000000000000000        0.0102639484946168     0.0000000000000000
    1    2
     0.0000000000000000     0.0000000000000000        0.0000000000000000     0.0000000000000000        0.0000000000000000     0.0000000000000000
     0.0000000000000000     0.0000000000000000        0.0000000000000000     0.0000000000000000        0.0000000000000000     0.0000000000000000
     0.0000000000000000    -0.0000000000000000        0.0000000000000000     0.0000000000000000        0.0000000000000000     0.0000000000000000
    1    3
    -0.0000000000000000    -0.0000000000000000        0.0000000000000000     0.0000000000000000        0.0000000000000000     0.0000000000000000
     0.0000000000000000     0.0000000000000000        0.0000000000000000     0.0000000000000000        0.0000000000000000     0.0000000000000000
     0.0000000000000000    -0.0000000000000000        0.0000000000000000     0.0000000000000000       -0.0000000000000000    -0.0000000000000000
    1    4
    -0.0000000000000000    -0.0000000000000000        0.0000000000000000     0.0000000000000000       -0.0000000000000000    -0.0000000000000000
     0.0000000000000000     0.0000000000000000        0.0000000000000000     0.0000000000000000        0.0000000000000000     0.0000000000000000
     0.0000000000000000    -0.0000000000000000        0.0000000000000000     0.0000000000000000       -0.0000000000000000    -0.0000000000000000
    1    5
    -0.0035878162458305     0.0000000000000000        0.0000000000000000     0.0000000000000000        0.0000000000000000     0.0000000000000000
     0.0000000000000000     0.0000000000000000       -0.0048988890027015     0.0000000000000000        0.0000000000000000     0.0000000000000000
     0.0000000000000000     0.0000000000000000        0.0000000000000000     0.0000000000000000       -0.0035878162458305     0.0000000000000000
    2    1
     0.0000000000000000    -0.0000000000000000        0.0000000000000000     0.0000000000000000        0.0000000000000000     0.0000000000000000
     0.0000000000000000     0.0000000000000000        0.0000000000000000    -0.0000000000000000        0.0000000000000000     0.0000000000000000
     0.0000000000000000     0.0000000000000000        0.0000000000000000     0.0000000000000000        0.0000000000000000    -0.0000000000000000
    2    2
     0.0489776681791767     0.0000000000000000        0.0000000000000000     0.0000000000000000        0.0000000000000000     0.0000000000000000
     0.0000000000000000     0.0000000000000000        0.0874359247628116     0.0000000000000000        0.0000000000000000     0.0000000000000000
     0.0000000000000000     0.0000000000000000        0.0000000000000000     0.0000000000000000        0.0489776681791767     0.0000000000000000
    2    3
    -0.0447582377376516     0.0000000000000000        0.0000000000000000     0.0000000000000000        0.0000000000000000     0.0000000000000000
     0.0000000000000000     0.0000000000000000       -0.0048327240752855     0.0000000000000000        0.0000000000000000     0.0000000000000000
     0.0000000000000000     0.0000000000000000        0.0000000000000000     0.0000000000000000       -0.0005019669752448     0.0000000000000000
    2    4
    -0.0005019669752448     0.0000000000000000        0.0000000000000000     0.0000000000000000        0.0000000000000000     0.0000000000000000
     0.0000000000000000     0.0000000000000000       -0.0048327240752855     0.0000000000000000        0.0000000000000000     0.0000000000000000
     0.0000000000000000     0.0000000000000000        0.0000000000000000     0.0000000000000000       -0.0447582377376516     0.0000000000000000
    2    5
    -0.0000000000000000     0.0000000000000000        0.0000000000000000     0.0000000000000000       -0.0000000000000000    -0.0000000000000000
     0.0000000000000000     0.0000000000000000       -0.0000000000000000     0.0000000000000000        0.0000000000000000     0.0000000000000000
    -0.0000000000000000    -0.0000000000000000        0.0000000000000000     0.0000000000000000       -0.0000000000000000     0.0000000000000000
    3    1
    -0.0000000000000000     0.0000000000000000        0.0000000000000000     0.0000000000000000        0.0000000000000000     0.0000000000000000
     0.0000000000000000     0.0000000000000000        0.0000000000000000    -0.0000000000000000        0.0000000000000000     0.0000000000000000
     0.0000000000000000    -0.0000000000000000        0.0000000000000000     0.0000000000000000       -0.0000000000000000     0.0000000000000000
    3    2
    -0.0447582377376516     0.0000000000000000        0.0000000000000000     0.0000000000000000        0.0000000000000000     0.0000000000000000
     0.0000000000000000     0.0000000000000000       -0.0048327240752855     0.0000000000000000        0.0000000000000000     0.0000000000000000
     0.0000000000000000     0.0000000000000000        0.0000000000000000     0.0000000000000000       -0.0005019669752448     0.0000000000000000
    3    3
     0.0611535056673201     0.0000000000000000        0.0000000000000000     0.0000000000000000        0.0000000000000000     0.0000000000000000
     0.0000000000000000     0.0000000000000000        0.0127514117482553     0.0000000000000000        0.0000000000000000     0.0000000000000000
     0.0000000000000000     0.0000000000000000        0.0000000000000000     0.0000000000000000        0.0103450099139743     0.0000000000000000
    3    4
    -0.0067563565356197     0.0000000000000000        0.0000000000000000     0.0000000000000000        0.0000000000000000     0.0000000000000000
     0.0000000000000000     0.0000000000000000        0.0028765385362582     0.0000000000000000        0.0000000000000000     0.0000000000000000
     0.0000000000000000     0.0000000000000000        0.0000000000000000     0.0000000000000000       -0.0067563565356197     0.0000000000000000
    3    5
     0.0000000000000000    -0.0000000000000000        0.0000000000000000     0.0000000000000000       -0.0000000000000000    -0.0000000000000000
     0.0000000000000000     0.0000000000000000       -0.0000000000000000     0.0000000000000000        0.0000000000000000     0.0000000000000000
     0.0000000000000000     0.0000000000000000        0.0000000000000000     0.0000000000000000        0.0000000000000000    -0.0000000000000000
    4    1
    -0.0000000000000000     0.0000000000000000        0.0000000000000000     0.0000000000000000        0.0000000000000000     0.0000000000000000
     0.0000000000000000     0.0000000000000000        0.0000000000000000    -0.0000000000000000        0.0000000000000000     0.0000000000000000
    -0.0000000000000000     0.0000000000000000        0.0000000000000000     0.0000000000000000       -0.0000000000000000     0.0000000000000000
    4    2
    -0.0005019669752448     0.0000000000000000        0.0000000000000000     0.0000000000000000        0.0000000000000000     0.0000000000000000
     0.0000000000000000     0.0000000000000000       -0.0048327240752855     0.0000000000000000        0.0000000000000000     0.0000000000000000
     0.0000000000000000     0.0000000000000000        0.0000000000000000     0.0000000000000000       -0.0447582377376516     0.0000000000000000
    4    3
    -0.0067563565356197     0.0000000000000000        0.0000000000000000     0.0000000000000000        0.0000000000000000     0.0000000000000000
     0.0000000000000000     0.0000000000000000        0.0028765385362582     0.0000000000000000        0.0000000000000000     0.0000000000000000
     0.0000000000000000     0.0000000000000000        0.0000000000000000     0.0000000000000000       -0.0067563565356197     0.0000000000000000
    4    4
     0.0103450099139743     0.0000000000000000        0.0000000000000000     0.0000000000000000        0.0000000000000000     0.0000000000000000
     0.0000000000000000     0.0000000000000000        0.0127514117482553     0.0000000000000000        0.0000000000000000     0.0000000000000000
     0.0000000000000000     0.0000000000000000        0.0000000000000000     0.0000000000000000        0.0611535056673201     0.0000000000000000
    4    5
     0.0000000000000000    -0.0000000000000000        0.0000000000000000     0.0000000000000000       -0.0000000000000000    -0.0000000000000000
     0.0000000000000000     0.0000000000000000       -0.0000000000000000     0.0000000000000000        0.0000000000000000     0.0000000000000000
     0.0000000000000000    -0.0000000000000000        0.0000000000000000     0.0000000000000000        0.0000000000000000    -0.0000000000000000
    5    1
    -0.0035878162458305     0.0000000000000000        0.0000000000000000     0.0000000000000000        0.0000000000000000     0.0000000000000000
     0.0000000000000000     0.0000000000000000       -0.0048988890027015     0.0000000000000000        0.0000000000000000     0.0000000000000000
     0.0000000000000000     0.0000000000000000        0.0000000000000000     0.0000000000000000       -0.0035878162458305     0.0000000000000000
    5    2
    -0.0000000000000000    -0.0000000000000000        0.0000000000000000     0.0000000000000000       -0.0000000000000000     0.0000000000000000
     0.0000000000000000     0.0000000000000000       -0.0000000000000000    -0.0000000000000000        0.0000000000000000     0.0000000000000000
    -0.0000000000000000     0.0000000000000000        0.0000000000000000     0.0000000000000000       -0.0000000000000000    -0.0000000000000000
    5    3
     0.0000000000000000     0.0000000000000000        0.0000000000000000     0.0000000000000000        0.0000000000000000    -0.0000000000000000
     0.0000000000000000     0.0000000000000000       -0.0000000000000000    -0.0000000000000000        0.0000000000000000     0.0000000000000000
    -0.0000000000000000     0.0000000000000000        0.0000000000000000     0.0000000000000000        0.0000000000000000     0.0000000000000000
    5    4
     0.0000000000000000     0.0000000000000000        0.0000000000000000     0.0000000000000000        0.0000000000000000     0.0000000000000000
     0.0000000000000000     0.0000000000000000       -0.0000000000000000    -0.0000000000000000        0.0000000000000000     0.0000000000000000
    -0.0000000000000000     0.0000000000000000        0.0000000000000000     0.0000000000000000        0.0000000000000000     0.0000000000000000
    5    5
     0.0103608163835920     0.0000000000000000        0.0000000000000000     0.0000000000000000        0.0000000000000000     0.0000000000000000
     0.0000000000000000     0.0000000000000000        0.1294243949216586     0.0000000000000000        0.0000000000000000     0.0000000000000000
     0.0000000000000000     0.0000000000000000        0.0000000000000000     0.0000000000000000        0.0103608163835920     0.0000000000000000

     Dynamical Matrix in cartesian axes

     q = (     0.000000000000     0.000000000000    -0.080204680892 )

    1    1
     0.0102639484946168     0.0000000000000000        0.0000000000000000     0.0000000000000000        0.0000000000000000     0.0000000000000000
     0.0000000000000000     0.0000000000000000        0.0102639484946168     0.0000000000000000        0.0000000000000000     0.0000000000000000
     0.0000000000000000     0.0000000000000000        0.0000000000000000     0.0000000000000000        0.0153154955307862     0.0000000000000000
    1    2
     0.0000000000000000     0.0000000000000000       -0.0000000000000000     0.0000000000000000        0.0000000000000000     0.0000000000000000
    -0.0000000000000000     0.0000000000000000        0.0000000000000000     0.0000000000000000        0.0000000000000000     0.0000000000000000
     0.0000000000000000     0.0000000000000000        0.0000000000000000     0.0000000000000000        0.0000000000000000     0.0000000000000000
    1    3
    -0.0000000000000000    -0.0000000000000000       -0.0000000000000000    -0.0000000000000000        0.0000000000000000     0.0000000000000000
    -0.0000000000000000     0.0000000000000000       -0.0000000000000000    -0.0000000000000000        0.0000000000000000     0.0000000000000000
     0.0000000000000000     0.0000000000000000        0.0000000000000000     0.0000000000000000        0.0000000000000000     0.0000000000000000
    1    4
    -0.0035878162458305     0.0000000000000000        0.0000000000000000     0.0000000000000000        0.0000000000000000     0.0000000000000000
     0.0000000000000000     0.0000000000000000       -0.0035878162458305     0.0000000000000000        0.0000000000000000     0.0000000000000000
     0.0000000000000000     0.0000000000000000        0.0000000000000000     0.0000000000000000       -0.0048988890027015     0.0000000000000000
    1    5
    -0.0000000000000000    -0.0000000000000000       -0.0000000000000000     0.0000000000000000        0.0000000000000000     0.0000000000000000
    -0.0000000000000000     0.0000000000000000       -0.0000000000000000    -0.0000000000000000        0.0000000000000000     0.0000000000000000
     0.0000000000000000     0.0000000000000000        0.0000000000000000     0.0000000000000000        0.0000000000000000     0.0000000000000000
    2    1
     0.0000000000000000    -0.0000000000000000       -0.0000000000000000    -0.0000000000000000        0.0000000000000000     0.0000000000000000
    -0.0000000000000000    -0.0000000000000000        0.0000000000000000    -0.0000000000000000        0.0000000000000000     0.0000000000000000
     0.0000000000000000     0.0000000000000000        0.0000000000000000     0.0000000000000000        0.0000000000000000    -0.0000000000000000
    2    2
     0.0489776681791767     0.0000000000000000        0.0000000000000000     0.0000000000000000        0.0000000000000000     0.0000000000000000
     0.0000000000000000     0.0000000000000000        0.0489776681791767     0.0000000000000000        0.0000000000000000     0.0000000000000000
     0.0000000000000000     0.0000000000000000        0.0000000000000000     0.0000000000000000        0.0874359247628116     0.0000000000000000
    2    3
    -0.0447582377376516     0.0000000000000000        0.0000000000000000     0.0000000000000000        0.0000000000000000     0.0000000000000000
     0.0000000000000000     0.0000000000000000       -0.0005019669752448     0.0000000000000000        0.0000000000000000     0.0000000000000000
     0.0000000000000000     0.0000000000000000        0.0000000000000000     0.0000000000000000       -0.0048327240752855     0.0000000000000000
    2    4
    -0.0000000000000000     0.0000000000000000        0.0000000000000000     0.0000000000000000        0.0000000000000000     0.0000000000000000
    -0.0000000000000000     0.0000000000000000       -0.0000000000000000     0.0000000000000000        0.0000000000000000     0.0000000000000000
     0.0000000000000000     0.0000000000000000        0.0000000000000000     0.0000000000000000       -0.0000000000000000     0.0000000000000000
    2    5
    -0.0005019669752448     0.0000000000000000        0.0000000000000000     0.0000000000000000        0.0000000000000000     0.0000000000000000
     0.0000000000000000     0.0000000000000000       -0.0447582377376516     0.0000000000000000        0.0000000000000000     0.0000000000000000
     0.0000000000000000     0.0000000000000000        0.0000000000000000     0.0000000000000000       -0.0048327240752855     0.0000000000000000
    3    1
    -0.0000000000000000     0.0000000000000000       -0.0000000000000000    -0.0000000000000000        0.0000000000000000     0.0000000000000000
    -0.0000000000000000     0.0000000000000000       -0.0000000000000000     0.0000000000000000        0.0000000000000000     0.0000000000000000
     0.0000000000000000     0.0000000000000000        0.0000000000000000     0.0000000000000000        0.0000000000000000    -0.0000000000000000
    3    2
    -0.0447582377376516     0.0000000000000000        0.0000000000000000     0.0000000000000000        0.0000000000000000     0.0000000000000000
     0.0000000000000000     0.0000000000000000       -0.0005019669752448     0.0000000000000000        0.0000000000000000     0.0000000000000000
     0.0000000000000000     0.0000000000000000        0.0000000000000000     0.0000000000000000       -0.0048327240752855     0.0000000000000000
    3    3
     0.0611535056673201     0.0000000000000000        0.0000000000000000     0.0000000000000000        0.0000000000000000     0.0000000000000000
     0.0000000000000000     0.0000000000000000        0.0103450099139743     0.0000000000000000        0.0000000000000000     0.0000000000000000
     0.0000000000000000     0.0000000000000000        0.0000000000000000     0.0000000000000000        0.0127514117482553     0.0000000000000000
    3    4
     0.0000000000000000    -0.0000000000000000        0.0000000000000000     0.0000000000000000        0.0000000000000000     0.0000000000000000
    -0.0000000000000000    -0.0000000000000000        0.0000000000000000    -0.0000000000000000        0.0000000000000000     0.0000000000000000
     0.0000000000000000     0.0000000000000000        0.0000000000000000     0.0000000000000000       -0.0000000000000000     0.0000000000000000
    3    5
    -0.0067563565356197     0.0000000000000000        0.0000000000000000     0.0000000000000000        0.0000000000000000     0.0000000000000000
     0.0000000000000000     0.0000000000000000       -0.0067563565356197     0.0000000000000000        0.0000000000000000     0.0000000000000000
     0.0000000000000000     0.0000000000000000        0.0000000000000000     0.0000000000000000        0.0028765385362582     0.0000000000000000
    4    1
    -0.0035878162458305     0.0000000000000000        0.0000000000000000     0.0000000000000000        0.0000000000000000     0.0000000000000000
     0.0000000000000000     0.0000000000000000       -0.0035878162458305     0.0000000000000000        0.0000000000000000     0.0000000000000000
     0.0000000000000000     0.0000000000000000        0.0000000000000000     0.0000000000000000       -0.0048988890027015     0.0000000000000000
    4    2
    -0.0000000000000000    -0.0000000000000000       -0.0000000000000000    -0.0000000000000000        0.0000000000000000     0.0000000000000000
     0.0000000000000000    -0.0000000000000000       -0.0000000000000000    -0.0000000000000000        0.0000000000000000     0.0000000000000000
     0.0000000000000000     0.0000000000000000        0.0000000000000000     0.0000000000000000       -0.0000000000000000    -0.0000000000000000
    4    3
     0.0000000000000000     0.0000000000000000       -0.0000000000000000     0.0000000000000000        0.0000000000000000     0.0000000000000000
     0.0000000000000000    -0.0000000000000000        0.0000000000000000     0.0000000000000000        0.0000000000000000     0.0000000000000000
     0.0000000000000000     0.0000000000000000        0.0000000000000000     0.0000000000000000       -0.0000000000000000    -0.0000000000000000
    4    4
     0.0103608163835920     0.0000000000000000        0.0000000000000000     0.0000000000000000        0.0000000000000000     0.0000000000000000
     0.0000000000000000     0.0000000000000000        0.0103608163835920     0.0000000000000000        0.0000000000000000     0.0000000000000000
     0.0000000000000000     0.0000000000000000        0.0000000000000000     0.0000000000000000        0.1294243949216586     0.0000000000000000
    4    5
     0.0000000000000000     0.0000000000000000       -0.0000000000000000    -0.0000000000000000        0.0000000000000000     0.0000000000000000
     0.0000000000000000    -0.0000000000000000        0.0000000000000000     0.0000000000000000        0.0000000000000000     0.0000000000000000
     0.0000000000000000     0.0000000000000000        0.0000000000000000     0.0000000000000000       -0.0000000000000000    -0.0000000000000000
    5    1
    -0.0000000000000000     0.0000000000000000       -0.0000000000000000    -0.0000000000000000        0.0000000000000000     0.0000000000000000
    -0.0000000000000000    -0.0000000000000000       -0.0000000000000000     0.0000000000000000        0.0000000000000000     0.0000000000000000
     0.0000000000000000     0.0000000000000000        0.0000000000000000     0.0000000000000000        0.0000000000000000    -0.0000000000000000
    5    2
    -0.0005019669752448     0.0000000000000000        0.0000000000000000     0.0000000000000000        0.0000000000000000     0.0000000000000000
     0.0000000000000000     0.0000000000000000       -0.0447582377376516     0.0000000000000000        0.0000000000000000     0.0000000000000000
     0.0000000000000000     0.0000000000000000        0.0000000000000000     0.0000000000000000       -0.0048327240752855     0.0000000000000000
    5    3
    -0.0067563565356197     0.0000000000000000        0.0000000000000000     0.0000000000000000        0.0000000000000000     0.0000000000000000
     0.0000000000000000     0.0000000000000000       -0.0067563565356197     0.0000000000000000        0.0000000000000000     0.0000000000000000
     0.0000000000000000     0.0000000000000000        0.0000000000000000     0.0000000000000000        0.0028765385362582     0.0000000000000000
    5    4
     0.0000000000000000    -0.0000000000000000        0.0000000000000000     0.0000000000000000        0.0000000000000000     0.0000000000000000
    -0.0000000000000000     0.0000000000000000        0.0000000000000000    -0.0000000000000000        0.0000000000000000     0.0000000000000000
     0.0000000000000000     0.0000000000000000        0.0000000000000000     0.0000000000000000       -0.0000000000000000     0.0000000000000000
    5    5
     0.0103450099139743     0.0000000000000000        0.0000000000000000     0.0000000000000000        0.0000000000000000     0.0000000000000000
     0.0000000000000000     0.0000000000000000        0.0611535056673201     0.0000000000000000        0.0000000000000000     0.0000000000000000
     0.0000000000000000     0.0000000000000000        0.0000000000000000     0.0000000000000000        0.0127514117482553     0.0000000000000000

     Diagonalizing the dynamical matrix

     q = (    -0.080204680892     0.000000000000     0.000000000000 )

***************************************************************************
   freq (    1) =     0.63937751 [THz] =    21.32733489 [cm-1]
(   0.000000  0.000000   0.000000  0.000000   0.000000 -0.000000 )
(   0.000000  0.000000   0.072325 -0.000351   0.561503 -0.000820 )
(   0.000000  0.000000  -0.000000 -0.000000   0.000000 -0.000000 )
(  -0.000000 -0.000000   0.081486 -0.000396   0.517854 -0.000756 )
(   0.000000  0.000000   0.066703 -0.000324   0.632628 -0.000924 )
   freq (    2) =     0.63937751 [THz] =    21.32733489 [cm-1]
(   0.000000  0.000000   0.000000  0.000000  -0.000000 -0.000000 )
(   0.000000  0.000000   0.561503 -0.000541  -0.072326 -0.000176 )
(   0.000000  0.000000   0.000000  0.000000  -0.000000 -0.000000 )
(  -0.000000 -0.000000   0.632629 -0.000609  -0.066703 -0.000162 )
(   0.000000  0.000000   0.517854 -0.000499  -0.081487 -0.000198 )
   freq (    3) =     0.78368758 [THz] =    26.14100025 [cm-1]
(   0.000000  0.000000  -0.726294  0.028324  -0.005117 -0.000007 )
(  -0.000000 -0.000000   0.000000 -0.000000  -0.000000 -0.000000 )
(   0.000000  0.000000  -0.686243  0.026762  -0.004835 -0.000007 )
(   0.000000  0.000000   0.000000 -0.000000  -0.000000 -0.000000 )
(  -0.000000 -0.000000   0.000000 -0.000000   0.000000 -0.000000 )
   freq (    4) =     0.78368758 [THz] =    26.14100025 [cm-1]
(   0.000000  0.000000  -0.005114  0.000199   0.726845  0.000997 )
(  -0.000000  0.000000   0.000000 -0.000000  -0.000000 -0.000000 )
(   0.000000  0.000000  -0.004832  0.000188   0.686764  0.000942 )
(  -0.000000 -0.000000   0.000000 -0.000000  -0.000000 -0.000000 )
(   0.000000  0.000000   0.000000 -0.000000  -0.000000 -0.000000 )
   freq (    5) =     0.96125258 [THz] =    32.06393012 [cm-1]
(   0.000000  0.000000  -0.000000  0.000000  -0.000000  0.000000 )
(   0.000000  0.000000   0.000000 -0.000000   0.000000 -0.000000 )
(   0.000000  0.000000  -0.000000  0.000000  -0.000000  0.000000 )
(  -0.007365 -0.707068  -0.000000 -0.000000   0.000000 -0.000000 )
(   0.007365  0.707068  -0.000000 -0.000000   0.000000 -0.000000 )
   freq (    6) =     1.09494894 [THz] =    36.52356002 [cm-1]
(   0.000000  0.000000  -0.000000  0.000000   0.000000  0.000000 )
(  -0.000000  0.000000  -0.063653 -0.000343  -0.427885  0.000885 )
(   0.000000  0.000000   0.000000 -0.000000  -0.000000 -0.000000 )
(  -0.000000 -0.000000   0.126064  0.000680  -0.277735  0.000575 )
(   0.000000  0.000000  -0.041316 -0.000223   0.847421 -0.001754 )
   freq (    7) =     1.09494894 [THz] =    36.52356002 [cm-1]
(   0.000000  0.000000   0.000000  0.000000   0.000000 -0.000000 )
(  -0.000000 -0.000000  -0.162668  0.395759   0.023759 -0.059054 )
(   0.000000  0.000000  -0.000000 -0.000000  -0.000000  0.000000 )
(  -0.000000 -0.000000   0.322163 -0.783796   0.015422 -0.038331 )
(   0.000000  0.000000  -0.105586  0.256883  -0.047054  0.116955 )
   freq (    8) =     1.12798882 [THz] =    37.62565157 [cm-1]
(   0.000000  0.000000   0.669344 -0.026103   0.003897  0.000002 )
(  -0.000000  0.000000  -0.000000 -0.000000  -0.000000  0.000000 )
(   0.000000  0.000000  -0.741907  0.028933  -0.004320 -0.000002 )
(   0.000000  0.000000   0.000000  0.000000  -0.000000  0.000000 )
(  -0.000000 -0.000000  -0.000000 -0.000000   0.000000 -0.000000 )
   freq (    9) =     1.12798882 [THz] =    37.62565157 [cm-1]
(   0.000000  0.000000   0.003894 -0.000152  -0.669853 -0.000268 )
(   0.000000 -0.000000  -0.000000 -0.000000  -0.000000  0.000000 )
(   0.000000  0.000000  -0.004316  0.000168   0.742471  0.000297 )
(  -0.000000 -0.000000   0.000000  0.000000  -0.000000  0.000000 )
(   0.000000 -0.000000  -0.000000 -0.000000   0.000000 -0.000000 )
   freq (   10) =     1.16178337 [THz] =    38.75291641 [cm-1]
(  -0.999094  0.000000   0.000000  0.000000   0.000000  0.000000 )
(   0.000000 -0.000000   0.000000  0.000000   0.000000  0.000000 )
(  -0.042561  0.000000   0.000000  0.000000   0.000000  0.000000 )
(   0.000000 -0.000000   0.000000  0.000000   0.000000  0.000000 )
(   0.000000 -0.000000   0.000000  0.000000   0.000000  0.000000 )
   freq (   11) =     1.18029395 [THz] =    39.37036262 [cm-1]
(   0.000000  0.000000  -0.000000  0.000000   0.000000  0.000000 )
(   0.000000 -0.107635   0.000000 -0.000000   0.000000 -0.000000 )
(   0.000000  0.000000   0.000000 -0.000000  -0.000000 -0.000000 )
(   0.000000 -0.702999  -0.000000  0.000000   0.000000 -0.000000 )
(   0.000000 -0.702999   0.000000 -0.000000  -0.000000 -0.000000 )
   freq (   12) =     2.25392826 [THz] =    75.18294343 [cm-1]
(   0.000000  0.000000   0.000000 -0.000000   0.000000  0.000000 )
(  -0.000000  0.984734   0.000000  0.000000   0.000000  0.000000 )
(   0.000000  0.000000  -0.000000  0.000000  -0.000000 -0.000000 )
(   0.000000 -0.123084   0.000000 -0.000000  -0.000000 -0.000000 )
(   0.000000 -0.123084  -0.000000  0.000000   0.000000  0.000000 )
   freq (   13) =     2.80881064 [THz] =    93.69182447 [cm-1]
(   0.000000  0.000000   0.000000 -0.000000  -0.000000  0.000000 )
(   0.000000  0.000000  -0.011298 -0.000030   0.448682  0.001314 )
(   0.000000  0.000000  -0.000000 -0.000000   0.000000 -0.000000 )
(  -0.000000 -0.000000  -0.001970 -0.000005  -0.889900 -0.002606 )
(   0.000000  0.000000   0.022409  0.000060   0.078239  0.000229 )
   freq (   14) =     2.80881064 [THz] =    93.69182447 [cm-1]
(   0.000000  0.000000   0.000000  0.000000   0.000000  0.000000 )
(  -0.000000  0.000000  -0.448684  0.000124  -0.011298  0.000000 )
(   0.000000  0.000000   0.000000 -0.000000  -0.000000 -0.000000 )
(   0.000000 -0.000000  -0.078239  0.000022   0.022409 -0.000001 )
(  -0.000000  0.000000   0.889903 -0.000246  -0.001970  0.000000 )
   freq (   15) =     3.48268259 [THz] =   116.16977019 [cm-1]
(  -0.040642  0.000000   0.000000  0.000000   0.000000  0.000000 )
(  -0.000000  0.000000   0.000000  0.000000   0.000000  0.000000 )
(   0.999174  0.000000   0.000000  0.000000   0.000000  0.000000 )
(  -0.000000  0.000000   0.000000  0.000000   0.000000  0.000000 )
(  -0.000000  0.000000   0.000000  0.000000   0.000000  0.000000 )
***************************************************************************
