Dynamical matrix file
File generated with the CellConstructor by Lorenzo Monacelli
3 5 0     1.8897259890000000     0.0000000000000000     0.0000000000000000     0.0000000000000000     0.0000000000000000     0.0000000000000000
Basis vectors
    6.2340501132548267     0.0000000000000000     0.0000000000000000
    0.0000000000000000     6.2340501132548267     0.0000000000000000
    0.0000000000000000     0.0000000000000000     6.2340501132548267
	1  'Cs '  121135.9130928798404057
	2  'Pb '  188851.2534489461977500
	3  'I '  115666.3524506476387614
    1     1     3.1170250566274138     3.1170250566274138     3.1170250566274138
    2     2     0.0000000000000004     0.0000000000000004     0.0000000000000004
    3     3     3.1170250566274138     0.0000000000000004     0.0000000000000004
    4     3     0.0000000000000004     0.0000000000000004     3.1170250566274138
    5     3     0.0000000000000004     3.1170250566274138     0.0000000000000004

     Dynamical Matrix in cartesian axes

     q = (     0.000000000000     0.000000000000     0.000000000000 )

    1    1
     0.0104706647829294     0.0000000000000000        0.0000000000000000     0.0000000000000000        0.0000000000000000     0.0000000000000000
     0.0000000000000000     0.0000000000000000        0.0104706647829294     0.0000000000000000        0.0000000000000000     0.0000000000000000
     0.0000000000000000     0.0000000000000000        0.0000000000000000     0.0000000000000000        0.0104706647829294     0.0000000000000000
    1    2
    -0.0032415448772196     0.0000000000000000        0.0000000000000000     0.0000000000000000        0.0000000000000000     0.0000000000000000
     0.0000000000000000     0.0000000000000000       -0.0032415448772196     0.0000000000000000        0.0000000000000000     0.0000000000000000
     0.0000000000000000     0.0000000000000000        0.0000000000000000     0.0000000000000000       -0.0032415448772196     0.0000000000000000
    1    3
    -0.0002778931223706     0.0000000000000000        0.0000000000000000     0.0000000000000000        0.0000000000000000     0.0000000000000000
     0.0000000000000000     0.0000000000000000       -0.0034756133916696     0.0000000000000000        0.0000000000000000     0.0000000000000000
     0.0000000000000000     0.0000000000000000        0.0000000000000000     0.0000000000000000       -0.0034756133916696     0.0000000000000000
    1    4
    -0.0034756133916696     0.0000000000000000        0.0000000000000000     0.0000000000000000        0.0000000000000000     0.0000000000000000
     0.0000000000000000     0.0000000000000000       -0.0034756133916696     0.0000000000000000        0.0000000000000000     0.0000000000000000
     0.0000000000000000     0.0000000000000000        0.0000000000000000     0.0000000000000000       -0.0002778931223706     0.0000000000000000
    1    5
    -0.0034756133916696     0.0000000000000000        0.0000000000000000     0.0000000000000000        0.0000000000000000     0.0000000000000000
     0.0000000000000000     0.0000000000000000       -0.0002778931223706     0.0000000000000000        0.0000000000000000     0.0000000000000000
     0.0000000000000000     0.0000000000000000        0.0000000000000000     0.0000000000000000       -0.0034756133916696     0.0000000000000000
    2    1
    -0.0032415448772196     0.0000000000000000        0.0000000000000000     0.0000000000000000        0.0000000000000000     0.0000000000000000
     0.0000000000000000     0.0000000000000000       -0.0032415448772196     0.0000000000000000        0.0000000000000000     0.0000000000000000
     0.0000000000000000     0.0000000000000000        0.0000000000000000     0.0000000000000000       -0.0032415448772196     0.0000000000000000
    2    2
     0.0494479424283252     0.0000000000000000        0.0000000000000000     0.0000000000000000        0.0000000000000000     0.0000000000000000
     0.0000000000000000     0.0000000000000000        0.0494479424283252     0.0000000000000000        0.0000000000000000     0.0000000000000000
     0.0000000000000000     0.0000000000000000        0.0000000000000000     0.0000000000000000        0.0494479424283252     0.0000000000000000
    2    3
    -0.0454346333282466     0.0000000000000000        0.0000000000000000     0.0000000000000000        0.0000000000000000     0.0000000000000000
     0.0000000000000000     0.0000000000000000       -0.0003858821114295     0.0000000000000000        0.0000000000000000     0.0000000000000000
     0.0000000000000000     0.0000000000000000        0.0000000000000000     0.0000000000000000       -0.0003858821114295     0.0000000000000000
    2    4
    -0.0003858821114295     0.0000000000000000        0.0000000000000000     0.0000000000000000        0.0000000000000000     0.0000000000000000
     0.0000000000000000     0.0000000000000000       -0.0003858821114295     0.0000000000000000        0.0000000000000000     0.0000000000000000
     0.0000000000000000     0.0000000000000000        0.0000000000000000     0.0000000000000000       -0.0454346333282466     0.0000000000000000
    2    5
    -0.0003858821114295     0.0000000000000000        0.0000000000000000     0.0000000000000000        0.0000000000000000     0.0000000000000000
     0.0000000000000000     0.0000000000000000       -0.0454346333282466     0.0000000000000000        0.0000000000000000     0.0000000000000000
     0.0000000000000000     0.0000000000000000        0.0000000000000000     0.0000000000000000       -0.0003858821114295     0.0000000000000000
    3    1
    -0.0002778931223706     0.0000000000000000        0.0000000000000000     0.0000000000000000        0.0000000000000000     0.0000000000000000
     0.0000000000000000     0.0000000000000000       -0.0034756133916696     0.0000000000000000        0.0000000000000000     0.0000000000000000
     0.0000000000000000     0.0000000000000000        0.0000000000000000     0.0000000000000000       -0.0034756133916696     0.0000000000000000
    3    2
    -0.0454346333282466     0.0000000000000000        0.0000000000000000     0.0000000000000000        0.0000000000000000     0.0000000000000000
     0.0000000000000000     0.0000000000000000       -0.0003858821114295     0.0000000000000000        0.0000000000000000     0.0000000000000000
     0.0000000000000000     0.0000000000000000        0.0000000000000000     0.0000000000000000       -0.0003858821114295     0.0000000000000000
    3    3
     0.0605745394386252     0.0000000000000000        0.0000000000000000     0.0000000000000000        0.0000000000000000     0.0000000000000000
     0.0000000000000000     0.0000000000000000        0.0104707429685968     0.0000000000000000        0.0000000000000000     0.0000000000000000
     0.0000000000000000     0.0000000000000000        0.0000000000000000     0.0000000000000000        0.0104707429685968     0.0000000000000000
    3    4
    -0.0074310064940040     0.0000000000000000        0.0000000000000000     0.0000000000000000        0.0000000000000000     0.0000000000000000
     0.0000000000000000     0.0000000000000000        0.0008217590285063     0.0000000000000000        0.0000000000000000     0.0000000000000000
     0.0000000000000000     0.0000000000000000        0.0000000000000000     0.0000000000000000       -0.0074310064940040     0.0000000000000000
    3    5
    -0.0074310064940040     0.0000000000000000        0.0000000000000000     0.0000000000000000        0.0000000000000000     0.0000000000000000
     0.0000000000000000     0.0000000000000000       -0.0074310064940040     0.0000000000000000        0.0000000000000000     0.0000000000000000
     0.0000000000000000     0.0000000000000000        0.0000000000000000     0.0000000000000000        0.0008217590285063     0.0000000000000000
    4    1
    -0.0034756133916696     0.0000000000000000        0.0000000000000000     0.0000000000000000        0.0000000000000000     0.0000000000000000
     0.0000000000000000     0.0000000000000000       -0.0034756133916696     0.0000000000000000        0.0000000000000000     0.0000000000000000
     0.0000000000000000     0.0000000000000000        0.0000000000000000     0.0000000000000000       -0.0002778931223706     0.0000000000000000
    4    2
    -0.0003858821114295     0.0000000000000000        0.0000000000000000     0.0000000000000000        0.0000000000000000     0.0000000000000000
     0.0000000000000000     0.0000000000000000       -0.0003858821114295     0.0000000000000000        0.0000000000000000     0.0000000000000000
     0.0000000000000000     0.0000000000000000        0.0000000000000000     0.0000000000000000       -0.0454346333282466     0.0000000000000000
    4    3
    -0.0074310064940040     0.0000000000000000        0.0000000000000000     0.0000000000000000        0.0000000000000000     0.0000000000000000
     0.0000000000000000     0.0000000000000000        0.0008217590285063     0.0000000000000000        0.0000000000000000     0.0000000000000000
     0.0000000000000000     0.0000000000000000        0.0000000000000000     0.0000000000000000       -0.0074310064940040     0.0000000000000000
    4    4
     0.0104707429685968     0.0000000000000000        0.0000000000000000     0.0000000000000000        0.0000000000000000     0.0000000000000000
     0.0000000000000000     0.0000000000000000        0.0104707429685968     0.0000000000000000        0.0000000000000000     0.0000000000000000
     0.0000000000000000     0.0000000000000000        0.0000000000000000     0.0000000000000000        0.0605745394386252     0.0000000000000000
    4    5
     0.0008217590285063     0.0000000000000000        0.0000000000000000     0.0000000000000000        0.0000000000000000     0.0000000000000000
     0.0000000000000000     0.0000000000000000       -0.0074310064940040     0.0000000000000000        0.0000000000000000     0.0000000000000000
     0.0000000000000000     0.0000000000000000        0.0000000000000000     0.0000000000000000       -0.0074310064940040     0.0000000000000000
    5    1
    -0.0034756133916696     0.0000000000000000        0.0000000000000000     0.0000000000000000        0.0000000000000000     0.0000000000000000
     0.0000000000000000     0.0000000000000000       -0.0002778931223706     0.0000000000000000        0.0000000000000000     0.0000000000000000
     0.0000000000000000     0.0000000000000000        0.0000000000000000     0.0000000000000000       -0.0034756133916696     0.0000000000000000
    5    2
    -0.0003858821114295     0.0000000000000000        0.0000000000000000     0.0000000000000000        0.0000000000000000     0.0000000000000000
     0.0000000000000000     0.0000000000000000       -0.0454346333282466     0.0000000000000000        0.0000000000000000     0.0000000000000000
     0.0000000000000000     0.0000000000000000        0.0000000000000000     0.0000000000000000       -0.0003858821114295     0.0000000000000000
    5    3
    -0.0074310064940040     0.0000000000000000        0.0000000000000000     0.0000000000000000        0.0000000000000000     0.0000000000000000
     0.0000000000000000     0.0000000000000000       -0.0074310064940040     0.0000000000000000        0.0000000000000000     0.0000000000000000
     0.0000000000000000     0.0000000000000000        0.0000000000000000     0.0000000000000000        0.0008217590285063     0.0000000000000000
    5    4
     0.0008217590285063     0.0000000000000000        0.0000000000000000     0.0000000000000000        0.0000000000000000     0.0000000000000000
     0.0000000000000000     0.0000000000000000       -0.0074310064940040     0.0000000000000000        0.0000000000000000     0.0000000000000000
     0.0000000000000000     0.0000000000000000        0.0000000000000000     0.0000000000000000       -0.0074310064940040     0.0000000000000000
    5    5
     0.0104707429685968     0.0000000000000000        0.0000000000000000     0.0000000000000000        0.0000000000000000     0.0000000000000000
     0.0000000000000000     0.0000000000000000        0.0605745394386252     0.0000000000000000        0.0000000000000000     0.0000000000000000
     0.0000000000000000     0.0000000000000000        0.0000000000000000     0.0000000000000000        0.0104707429685968     0.0000000000000000

     Diagonalizing the dynamical matrix

     q = (     0.000000000000     0.000000000000     0.000000000000 )

***************************************************************************
   freq (    1) =    -0.00000003 [THz] =    -0.00000097 [cm-1]
(  -0.441348  0.000000  -0.056384  0.000000   0.045086  0.000000 )
(  -0.441348  0.000000  -0.056384  0.000000   0.045086  0.000000 )
(  -0.441348  0.000000  -0.056384  0.000000   0.045086  0.000000 )
(  -0.441348  0.000000  -0.056384  0.000000   0.045086  0.000000 )
(  -0.441348  0.000000  -0.056384  0.000000   0.045086  0.000000 )
   freq (    2) =    -0.00000003 [THz] =    -0.00000094 [cm-1]
(  -0.064452  0.000000   0.433563  0.000000  -0.088706  0.000000 )
(  -0.064452  0.000000   0.433563  0.000000  -0.088706  0.000000 )
(  -0.064452  0.000000   0.433563  0.000000  -0.088706  0.000000 )
(  -0.064452  0.000000   0.433563  0.000000  -0.088706  0.000000 )
(  -0.064452  0.000000   0.433563  0.000000  -0.088706  0.000000 )
   freq (    3) =    -0.00000002 [THz] =    -0.00000054 [cm-1]
(  -0.032526  0.000000  -0.094041  0.000000  -0.436003  0.000000 )
(  -0.032526  0.000000  -0.094041  0.000000  -0.436003  0.000000 )
(  -0.032526  0.000000  -0.094041  0.000000  -0.436003  0.000000 )
(  -0.032526  0.000000  -0.094041  0.000000  -0.436003  0.000000 )
(  -0.032526  0.000000  -0.094041  0.000000  -0.436003  0.000000 )
   freq (    4) =     0.95019457 [THz] =    31.69507480 [cm-1]
(   0.000000  0.000000  -0.000000  0.000000  -0.000000  0.000000 )
(  -0.000000  0.000000  -0.000000  0.000000  -0.000000  0.000000 )
(  -0.000000  0.000000   0.258830  0.000000   0.655956  0.000000 )
(  -0.052243  0.000000  -0.258830  0.000000  -0.000000  0.000000 )
(   0.052243  0.000000  -0.000000  0.000000  -0.655956  0.000000 )
   freq (    5) =     0.95019457 [THz] =    31.69507480 [cm-1]
(  -0.000000  0.000000  -0.000000  0.000000   0.000000  0.000000 )
(   0.000000  0.000000   0.000000  0.000000  -0.000000  0.000000 )
(   0.000000  0.000000   0.076390  0.000000   0.025807  0.000000 )
(   0.702495  0.000000  -0.076390  0.000000  -0.000000  0.000000 )
(  -0.702495  0.000000   0.000000  0.000000  -0.025807  0.000000 )
   freq (    6) =     0.95019457 [THz] =    31.69507480 [cm-1]
(   0.000000  0.000000  -0.000000  0.000000  -0.000000  0.000000 )
(  -0.000000  0.000000   0.000000  0.000000   0.000000  0.000000 )
(  -0.000000  0.000000   0.653584  0.000000  -0.262786  0.000000 )
(  -0.061417  0.000000  -0.653584  0.000000   0.000000  0.000000 )
(   0.061417  0.000000   0.000000  0.000000   0.262786  0.000000 )
   freq (    7) =     1.01161472 [THz] =    33.74383002 [cm-1]
(  -0.812891  0.000000   0.073479  0.000000  -0.076768  0.000000 )
(   0.422833  0.000000  -0.038221  0.000000   0.039931  0.000000 )
(   0.353634  0.000000   0.008708  0.000000  -0.009098  0.000000 )
(  -0.096337  0.000000   0.008708  0.000000   0.033396  0.000000 )
(  -0.096337  0.000000  -0.031966  0.000000  -0.009098  0.000000 )
   freq (    8) =     1.01161472 [THz] =    33.74383002 [cm-1]
(  -0.004398  0.000000  -0.614991  0.000000  -0.542080  0.000000 )
(   0.002288  0.000000   0.319894  0.000000   0.281968  0.000000 )
(   0.001913  0.000000  -0.072883  0.000000  -0.064243  0.000000 )
(  -0.000521  0.000000  -0.072883  0.000000   0.235822  0.000000 )
(  -0.000521  0.000000   0.267541  0.000000  -0.064243  0.000000 )
   freq (    9) =     1.01161472 [THz] =    33.74383002 [cm-1]
(   0.106175  0.000000   0.537095  0.000000  -0.610197  0.000000 )
(  -0.055228  0.000000  -0.279375  0.000000   0.317400  0.000000 )
(  -0.046190  0.000000   0.063652  0.000000  -0.072315  0.000000 )
(   0.012583  0.000000   0.063652  0.000000   0.265455  0.000000 )
(   0.012583  0.000000  -0.233654  0.000000  -0.072315  0.000000 )
   freq (   10) =     1.22759564 [THz] =    40.94817707 [cm-1]
(  -0.040739  0.000000  -0.422655  0.000000   0.163859  0.000000 )
(  -0.029236  0.000000  -0.303309  0.000000   0.117590  0.000000 )
(  -0.012868  0.000000   0.535684  0.000000  -0.207678  0.000000 )
(   0.051634  0.000000   0.535684  0.000000   0.051758  0.000000 )
(   0.051634  0.000000  -0.133505  0.000000  -0.207678  0.000000 )
   freq (   11) =     1.22759564 [THz] =    40.94817707 [cm-1]
(  -0.071706  0.000000   0.168456  0.000000   0.416686  0.000000 )
(  -0.051459  0.000000   0.120889  0.000000   0.299026  0.000000 )
(  -0.022650  0.000000  -0.213505  0.000000  -0.528118  0.000000 )
(   0.090882  0.000000  -0.213505  0.000000   0.131619  0.000000 )
(   0.090882  0.000000   0.053211  0.000000  -0.528118  0.000000 )
   freq (   12) =     1.22759564 [THz] =    40.94817707 [cm-1]
(  -0.447600  0.000000   0.011482  0.000000  -0.081668  0.000000 )
(  -0.321210  0.000000   0.008240  0.000000  -0.058607  0.000000 )
(  -0.141384  0.000000  -0.014552  0.000000   0.103508  0.000000 )
(   0.567298  0.000000  -0.014552  0.000000  -0.025797  0.000000 )
(   0.567298  0.000000   0.003627  0.000000   0.103508  0.000000 )
   freq (   13) =     2.82200832 [THz] =    94.13205172 [cm-1]
(  -0.000000  0.000000  -0.019431  0.000000   0.012562  0.000000 )
(   0.000000  0.000000   0.377109  0.000000  -0.243809  0.000000 )
(  -0.000000  0.000000   0.073722  0.000000  -0.047662  0.000000 )
(  -0.000000  0.000000   0.073722  0.000000   0.480241  0.000000 )
(   0.000000  0.000000  -0.742809  0.000000  -0.047662  0.000000 )
   freq (   14) =     2.82200832 [THz] =    94.13205172 [cm-1]
(   0.023138  0.000000  -0.000000  0.000000   0.000000  0.000000 )
(  -0.449059  0.000000   0.000000  0.000000  -0.000000  0.000000 )
(   0.884532  0.000000   0.000000  0.000000  -0.000000  0.000000 )
(  -0.087787  0.000000   0.000000  0.000000   0.000000  0.000000 )
(  -0.087787  0.000000  -0.000000  0.000000  -0.000000  0.000000 )
   freq (   15) =     2.82200832 [THz] =    94.13205172 [cm-1]
(  -0.000000  0.000000  -0.012562  0.000000  -0.019431  0.000000 )
(  -0.000000  0.000000   0.243809  0.000000   0.377109  0.000000 )
(  -0.000000  0.000000   0.047662  0.000000   0.073722  0.000000 )
(   0.000000  0.000000   0.047662  0.000000  -0.742809  0.000000 )
(  -0.000000  0.000000  -0.480241  0.000000   0.073722  0.000000 )
***************************************************************************
