Dynamical matrix file
File generated with the CellConstructor by Lorenzo Monacelli
3 5 0     1.8897259890000000     0.0000000000000000     0.0000000000000000     0.0000000000000000     0.0000000000000000     0.0000000000000000
Basis vectors
    6.2716801944213545     0.0000000000000000     0.0000000000000000
    0.0000000000000000     6.2716801944213545     0.0000000000000000
    0.0000000000000000     0.0000000000000000     6.2716801944213545
	1  'Cs '  121135.9130928798404057
	2  'Pb '  188851.2534489461977500
	3  'I '  115666.3524506476387614
    1     1     3.1358400972106764     3.1358400972106764     3.1358400972106764
    2     2     0.0000000000000000     0.0000000000000000     0.0000000000000000
    3     3     3.1358400972106764     0.0000000000000000     0.0000000000000000
    4     3     0.0000000000000000     0.0000000000000000     3.1358400972106764
    5     3     0.0000000000000000     3.1358400972106764     0.0000000000000000

     Dynamical Matrix in cartesian axes

     q = (     0.000000000000     0.000000000000     0.000000000000 )

    1    1
    -0.0018651207130660     0.0000000000000000        0.0000000000000000     0.0000000000000000        0.0000000000000000     0.0000000000000000
    -0.0000000000000000     0.0000000000000000       -0.0018651207130660     0.0000000000000000        0.0000000000000000     0.0000000000000000
    -0.0000000000000000     0.0000000000000000        0.0000000000000000     0.0000000000000000       -0.0018651207130660     0.0000000000000000
    1    2
     0.0017835786345057     0.0000000000000000        0.0000000000000000     0.0000000000000000        0.0000000000000000     0.0000000000000000
    -0.0000000000000000     0.0000000000000000        0.0017835786345057     0.0000000000000000        0.0000000000000000     0.0000000000000000
     0.0000000000000000     0.0000000000000000        0.0000000000000000     0.0000000000000000        0.0017835786345057     0.0000000000000000
    1    3
    -0.0030677737942178     0.0000000000000000       -0.0000000000000000     0.0000000000000000        0.0000000000000000     0.0000000000000000
     0.0000000000000000     0.0000000000000000        0.0015687363150906     0.0000000000000000        0.0000000000000007     0.0000000000000000
     0.0000000000000000     0.0000000000000000       -0.0000000000000007     0.0000000000000000        0.0015687363150908     0.0000000000000000
    1    4
     0.0015687363150908     0.0000000000000000        0.0000000000000007     0.0000000000000000        0.0000000000000000     0.0000000000000000
    -0.0000000000000007     0.0000000000000000        0.0015687363150908     0.0000000000000000       -0.0000000000000000     0.0000000000000000
    -0.0000000000000000     0.0000000000000000        0.0000000000000000     0.0000000000000000       -0.0030677737942178     0.0000000000000000
    1    5
     0.0015687363150906     0.0000000000000000       -0.0000000000000000     0.0000000000000000       -0.0000000000000007     0.0000000000000000
     0.0000000000000000     0.0000000000000000       -0.0030677737942178     0.0000000000000000       -0.0000000000000000     0.0000000000000000
     0.0000000000000007     0.0000000000000000        0.0000000000000000     0.0000000000000000        0.0015687363150906     0.0000000000000000
    2    1
     0.0017835786345057     0.0000000000000000       -0.0000000000000000     0.0000000000000000        0.0000000000000000     0.0000000000000000
     0.0000000000000000     0.0000000000000000        0.0017835786345057     0.0000000000000000        0.0000000000000000     0.0000000000000000
     0.0000000000000000     0.0000000000000000        0.0000000000000000     0.0000000000000000        0.0017835786345057     0.0000000000000000
    2    2
     0.0362252865437438     0.0000000000000000        0.0000000000000000     0.0000000000000000       -0.0000000000000002     0.0000000000000000
     0.0000000000000000     0.0000000000000000        0.0362252865437438     0.0000000000000000       -0.0000000000000001     0.0000000000000000
    -0.0000000000000002     0.0000000000000000       -0.0000000000000001     0.0000000000000000        0.0362252865437438     0.0000000000000000
    2    3
    -0.0378773039472810     0.0000000000000000       -0.0000000000000002     0.0000000000000000        0.0000000000000002     0.0000000000000000
     0.0000000000000000     0.0000000000000000       -0.0000828175942951     0.0000000000000000       -0.0000000000000000     0.0000000000000000
     0.0000000000000002     0.0000000000000000       -0.0000000000000000     0.0000000000000000       -0.0000828175942952     0.0000000000000000
    2    4
    -0.0000828175942952     0.0000000000000000        0.0000000000000000     0.0000000000000000        0.0000000000000002     0.0000000000000000
    -0.0000000000000000     0.0000000000000000       -0.0000828175942952     0.0000000000000000        0.0000000000000001     0.0000000000000000
    -0.0000000000000002     0.0000000000000000        0.0000000000000002     0.0000000000000000       -0.0378773039472810     0.0000000000000000
    2    5
    -0.0000828175942951     0.0000000000000000       -0.0000000000000000     0.0000000000000000        0.0000000000000000     0.0000000000000000
     0.0000000000000002     0.0000000000000000       -0.0378773039472810     0.0000000000000000       -0.0000000000000002     0.0000000000000000
    -0.0000000000000000     0.0000000000000000       -0.0000000000000001     0.0000000000000000       -0.0000828175942951     0.0000000000000000
    3    1
    -0.0030677737942178     0.0000000000000000        0.0000000000000000     0.0000000000000000        0.0000000000000000     0.0000000000000000
    -0.0000000000000000     0.0000000000000000        0.0015687363150906     0.0000000000000000       -0.0000000000000007     0.0000000000000000
     0.0000000000000000     0.0000000000000000        0.0000000000000007     0.0000000000000000        0.0015687363150908     0.0000000000000000
    3    2
    -0.0378773039472810     0.0000000000000000        0.0000000000000000     0.0000000000000000        0.0000000000000002     0.0000000000000000
    -0.0000000000000002     0.0000000000000000       -0.0000828175942951     0.0000000000000000       -0.0000000000000000     0.0000000000000000
     0.0000000000000002     0.0000000000000000       -0.0000000000000000     0.0000000000000000       -0.0000828175942952     0.0000000000000000
    3    3
     0.0469194165262592     0.0000000000000000        0.0000000000000000     0.0000000000000000       -0.0000000000000004     0.0000000000000000
     0.0000000000000000     0.0000000000000000        0.0007272260068461     0.0000000000000000        0.0000000000000000     0.0000000000000000
    -0.0000000000000004     0.0000000000000000        0.0000000000000000     0.0000000000000000        0.0007272260068461     0.0000000000000000
    3    4
    -0.0029349599161476     0.0000000000000000        0.0000000000000000     0.0000000000000000        0.0000000000000003     0.0000000000000000
    -0.0000000000000000     0.0000000000000000        0.0006925643123834     0.0000000000000000       -0.0000000000000000     0.0000000000000000
     0.0000000000000000     0.0000000000000000        0.0000000000000000     0.0000000000000000       -0.0029349599161476     0.0000000000000000
    3    5
    -0.0029349599161483     0.0000000000000000        0.0000000000000000     0.0000000000000000       -0.0000000000000001     0.0000000000000000
     0.0000000000000000     0.0000000000000000       -0.0029349599161483     0.0000000000000000       -0.0000000000000000     0.0000000000000000
     0.0000000000000000     0.0000000000000000        0.0000000000000000     0.0000000000000000        0.0006925643123834     0.0000000000000000
    4    1
     0.0015687363150908     0.0000000000000000       -0.0000000000000007     0.0000000000000000       -0.0000000000000000     0.0000000000000000
     0.0000000000000007     0.0000000000000000        0.0015687363150908     0.0000000000000000        0.0000000000000000     0.0000000000000000
     0.0000000000000000     0.0000000000000000       -0.0000000000000000     0.0000000000000000       -0.0030677737942178     0.0000000000000000
    4    2
    -0.0000828175942952     0.0000000000000000       -0.0000000000000000     0.0000000000000000       -0.0000000000000002     0.0000000000000000
     0.0000000000000000     0.0000000000000000       -0.0000828175942952     0.0000000000000000        0.0000000000000002     0.0000000000000000
     0.0000000000000002     0.0000000000000000        0.0000000000000001     0.0000000000000000       -0.0378773039472810     0.0000000000000000
    4    3
    -0.0029349599161476     0.0000000000000000       -0.0000000000000000     0.0000000000000000       -0.0000000000000000     0.0000000000000000
     0.0000000000000000     0.0000000000000000        0.0006925643123834     0.0000000000000000        0.0000000000000000     0.0000000000000000
     0.0000000000000003     0.0000000000000000       -0.0000000000000000     0.0000000000000000       -0.0029349599161476     0.0000000000000000
    4    4
     0.0007272260068461     0.0000000000000000       -0.0000000000000000     0.0000000000000000        0.0000000000000000     0.0000000000000000
    -0.0000000000000000     0.0000000000000000        0.0007272260068461     0.0000000000000000       -0.0000000000000000     0.0000000000000000
     0.0000000000000000     0.0000000000000000       -0.0000000000000000     0.0000000000000000        0.0469194165262592     0.0000000000000000
    4    5
     0.0006925643123834     0.0000000000000000       -0.0000000000000000     0.0000000000000000       -0.0000000000000000     0.0000000000000000
     0.0000000000000000     0.0000000000000000       -0.0029349599161476     0.0000000000000000        0.0000000000000000     0.0000000000000000
     0.0000000000000000     0.0000000000000000        0.0000000000000001     0.0000000000000000       -0.0029349599161483     0.0000000000000000
    5    1
     0.0015687363150906     0.0000000000000000        0.0000000000000000     0.0000000000000000        0.0000000000000007     0.0000000000000000
    -0.0000000000000000     0.0000000000000000       -0.0030677737942178     0.0000000000000000        0.0000000000000000     0.0000000000000000
    -0.0000000000000007     0.0000000000000000       -0.0000000000000000     0.0000000000000000        0.0015687363150906     0.0000000000000000
    5    2
    -0.0000828175942951     0.0000000000000000        0.0000000000000002     0.0000000000000000       -0.0000000000000000     0.0000000000000000
    -0.0000000000000000     0.0000000000000000       -0.0378773039472810     0.0000000000000000       -0.0000000000000001     0.0000000000000000
     0.0000000000000000     0.0000000000000000       -0.0000000000000002     0.0000000000000000       -0.0000828175942951     0.0000000000000000
    5    3
    -0.0029349599161483     0.0000000000000000        0.0000000000000000     0.0000000000000000        0.0000000000000000     0.0000000000000000
     0.0000000000000000     0.0000000000000000       -0.0029349599161483     0.0000000000000000        0.0000000000000000     0.0000000000000000
    -0.0000000000000001     0.0000000000000000       -0.0000000000000000     0.0000000000000000        0.0006925643123834     0.0000000000000000
    5    4
     0.0006925643123834     0.0000000000000000        0.0000000000000000     0.0000000000000000        0.0000000000000000     0.0000000000000000
    -0.0000000000000000     0.0000000000000000       -0.0029349599161476     0.0000000000000000        0.0000000000000001     0.0000000000000000
    -0.0000000000000000     0.0000000000000000        0.0000000000000000     0.0000000000000000       -0.0029349599161483     0.0000000000000000
    5    5
     0.0007272260068461     0.0000000000000000       -0.0000000000000000     0.0000000000000000        0.0000000000000000     0.0000000000000000
    -0.0000000000000000     0.0000000000000000        0.0469194165262592     0.0000000000000000        0.0000000000000000     0.0000000000000000
     0.0000000000000000     0.0000000000000000        0.0000000000000000     0.0000000000000000        0.0007272260068461     0.0000000000000000

     Diagonalizing the dynamical matrix

     q = (     0.000000000000     0.000000000000     0.000000000000 )

***************************************************************************
   freq (    1) =    -0.52769995 [THz] =   -17.60217303 [cm-1]
(   0.689774  0.000000  -0.070292  0.000000   0.514082  0.000000 )
(  -0.073918  0.000000   0.007533  0.000000  -0.055090  0.000000 )
(  -0.046478  0.000000   0.028390  0.000000  -0.207628  0.000000 )
(  -0.278587  0.000000   0.028390  0.000000  -0.034639  0.000000 )
(  -0.278587  0.000000   0.004736  0.000000  -0.207628  0.000000 )
   freq (    2) =    -0.52769995 [THz] =   -17.60217303 [cm-1]
(   0.130478  0.000000  -0.804203  0.000000  -0.285031  0.000000 )
(  -0.013982  0.000000   0.086180  0.000000   0.030545  0.000000 )
(  -0.008792  0.000000   0.324803  0.000000   0.115119  0.000000 )
(  -0.052698  0.000000   0.324803  0.000000   0.019206  0.000000 )
(  -0.052698  0.000000   0.054188  0.000000   0.115119  0.000000 )
   freq (    3) =    -0.52769995 [THz] =   -17.60217303 [cm-1]
(   0.502192  0.000000   0.305494  0.000000  -0.632049  0.000000 )
(  -0.053816  0.000000  -0.032737  0.000000   0.067732  0.000000 )
(  -0.033838  0.000000  -0.123383  0.000000   0.255273  0.000000 )
(  -0.202826  0.000000  -0.123383  0.000000   0.042588  0.000000 )
(  -0.202826  0.000000  -0.020584  0.000000   0.255273  0.000000 )
   freq (    4) =    -0.00335664 [THz] =    -0.11196547 [cm-1]
(   0.322126  0.000000  -0.018441  0.000000  -0.312335  0.000000 )
(   0.319074  0.000000  -0.018266  0.000000  -0.309375  0.000000 )
(   0.318919  0.000000  -0.018430  0.000000  -0.312144  0.000000 )
(   0.321929  0.000000  -0.018430  0.000000  -0.309226  0.000000 )
(   0.321929  0.000000  -0.018257  0.000000  -0.312144  0.000000 )
   freq (    5) =    -0.00335664 [THz] =    -0.11196547 [cm-1]
(  -0.041907  0.000000  -0.446787  0.000000  -0.016841  0.000000 )
(  -0.041510  0.000000  -0.442553  0.000000  -0.016682  0.000000 )
(  -0.041490  0.000000  -0.446514  0.000000  -0.016831  0.000000 )
(  -0.041881  0.000000  -0.446514  0.000000  -0.016674  0.000000 )
(  -0.041881  0.000000  -0.442340  0.000000  -0.016831  0.000000 )
   freq (    6) =    -0.00335664 [THz] =    -0.11196547 [cm-1]
(   0.310060  0.000000  -0.041228  0.000000   0.322213  0.000000 )
(   0.307122  0.000000  -0.040837  0.000000   0.319160  0.000000 )
(   0.306973  0.000000  -0.041203  0.000000   0.322016  0.000000 )
(   0.309870  0.000000  -0.041203  0.000000   0.319006  0.000000 )
(   0.309870  0.000000  -0.040817  0.000000   0.322016  0.000000 )
   freq (    7) =     0.05695038 [THz] =     1.89966003 [cm-1]
(   0.000000  0.000000   0.000000  0.000000   0.000000  0.000000 )
(   0.000000  0.000000   0.000000  0.000000   0.000000  0.000000 )
(   0.000000  0.000000  -0.604897  0.000000   0.232870  0.000000 )
(   0.282615  0.000000   0.604897  0.000000   0.000000  0.000000 )
(  -0.282615  0.000000   0.000000  0.000000  -0.232870  0.000000 )
   freq (    8) =     0.05695038 [THz] =     1.89966003 [cm-1]
(   0.000000  0.000000  -0.000000  0.000000  -0.000000  0.000000 )
(   0.000000  0.000000  -0.000000  0.000000  -0.000000  0.000000 )
(   0.000000  0.000000   0.357738  0.000000   0.492390  0.000000 )
(   0.359966  0.000000  -0.357738  0.000000  -0.000000  0.000000 )
(  -0.359966  0.000000  -0.000000  0.000000  -0.492390  0.000000 )
   freq (    9) =     0.05695038 [THz] =     1.89966003 [cm-1]
(   0.000000  0.000000  -0.000000  0.000000  -0.000000  0.000000 )
(   0.000000  0.000000  -0.000000  0.000000  -0.000000  0.000000 )
(   0.000000  0.000000   0.078250  0.000000  -0.450914  0.000000 )
(   0.539030  0.000000  -0.078250  0.000000  -0.000000  0.000000 )
(  -0.539030  0.000000  -0.000000  0.000000   0.450914  0.000000 )
   freq (   10) =     0.66370160 [THz] =    22.13869935 [cm-1]
(   0.185982  0.000000  -0.015853  0.000000  -0.187313  0.000000 )
(  -0.378307  0.000000   0.032246  0.000000   0.381014  0.000000 )
(  -0.277796  0.000000  -0.029514  0.000000  -0.348725  0.000000 )
(   0.346248  0.000000  -0.029514  0.000000   0.279783  0.000000 )
(   0.346248  0.000000   0.023679  0.000000  -0.348725  0.000000 )
   freq (   11) =     0.66370160 [THz] =    22.13869935 [cm-1]
(   0.029789  0.000000   0.262651  0.000000   0.007349  0.000000 )
(  -0.060594  0.000000  -0.534259  0.000000  -0.014948  0.000000 )
(  -0.044495  0.000000   0.488984  0.000000   0.013681  0.000000 )
(   0.055459  0.000000   0.488984  0.000000  -0.010977  0.000000 )
(   0.055459  0.000000  -0.392313  0.000000   0.013681  0.000000 )
   freq (   12) =     0.66370160 [THz] =    22.13869935 [cm-1]
(   0.185607  0.000000  -0.026270  0.000000   0.186512  0.000000 )
(  -0.377544  0.000000   0.053435  0.000000  -0.379384  0.000000 )
(  -0.277236  0.000000  -0.048907  0.000000   0.347234  0.000000 )
(   0.345550  0.000000  -0.048907  0.000000  -0.278587  0.000000 )
(   0.345550  0.000000   0.039238  0.000000   0.347234  0.000000 )
   freq (   13) =     2.50411268 [THz] =    83.52819617 [cm-1]
(   0.031317  0.000000   0.011002  0.000000  -0.038462  0.000000 )
(   0.283052  0.000000   0.099434  0.000000  -0.347628  0.000000 )
(  -0.545572  0.000000   0.008713  0.000000  -0.030461  0.000000 )
(   0.024803  0.000000   0.008713  0.000000   0.670038  0.000000 )
(   0.024803  0.000000  -0.191654  0.000000  -0.030461  0.000000 )
   freq (   14) =     2.50411268 [THz] =    83.52819617 [cm-1]
(  -0.022193  0.000000   0.045418  0.000000  -0.005079  0.000000 )
(  -0.200585  0.000000   0.410498  0.000000  -0.045908  0.000000 )
(   0.386619  0.000000   0.035970  0.000000  -0.004023  0.000000 )
(  -0.017577  0.000000   0.035970  0.000000   0.088485  0.000000 )
(  -0.017577  0.000000  -0.791218  0.000000  -0.004023  0.000000 )
   freq (   15) =     2.50411268 [THz] =    83.52819617 [cm-1]
(   0.033284  0.000000   0.019932  0.000000   0.032803  0.000000 )
(   0.300828  0.000000   0.180152  0.000000   0.296476  0.000000 )
(  -0.579834  0.000000   0.015786  0.000000   0.025979  0.000000 )
(   0.026360  0.000000   0.015786  0.000000  -0.571446  0.000000 )
(   0.026360  0.000000  -0.347236  0.000000   0.025979  0.000000 )
***************************************************************************
