Dynamical matrix file
File generated with the CellConstructor by Lorenzo Monacelli
3 5 0     1.8897259890000000     0.0000000000000000     0.0000000000000000     0.0000000000000000     0.0000000000000000     0.0000000000000000
Basis vectors
    6.2716801944213545     0.0000000000000000     0.0000000000000000
    0.0000000000000000     6.2716801944213545     0.0000000000000000
    0.0000000000000000     0.0000000000000000     6.2716801944213545
	1  'Cs '  121135.9130928798404057
	2  'Pb '  188851.2534489461977500
	3  'I '  115666.3524506476387614
    1     1     3.1358400972106764     3.1358400972106764     3.1358400972106764
    2     2     0.0000000000000000     0.0000000000000000     0.0000000000000000
    3     3     3.1358400972106764     0.0000000000000000     0.0000000000000000
    4     3     0.0000000000000000     0.0000000000000000     3.1358400972106764
    5     3     0.0000000000000000     3.1358400972106764     0.0000000000000000

     Dynamical Matrix in cartesian axes

     q = (    -0.079723452807    -0.079723452807     0.000000000000 )

    1    1
     0.0030666712139515     0.0000000000000000       -0.0000000000000000     0.0000000000000000        0.0000000000000000     0.0000000000000000
     0.0000000000000000     0.0000000000000000        0.0030666712139515     0.0000000000000000       -0.0000000000000000     0.0000000000000000
     0.0000000000000000     0.0000000000000000        0.0000000000000000    -0.0000000000000000       -0.0003610993824074     0.0000000000000000
    1    2
     0.0000000000000068     0.0000000000000000       -0.0062335402717890     0.0000000000000000       -0.0000000000000068     0.0000000000000000
    -0.0062335402717890     0.0000000000000000       -0.0000000000000068     0.0000000000000000        0.0000000000000113     0.0000000000000000
     0.0000000000000000    -0.0000000000000000       -0.0000000000000000     0.0000000000000000       -0.0000000000000000     0.0000000000000000
    1    3
     0.0000000000000000    -0.0000000000000000       -0.0000000000000000    -0.0000000000000000        0.0000000000000000    -0.0000000000000000
     0.0000000000000000    -0.0000000000000000       -0.0000000000000000    -0.0000000000000000        0.0000000000000000     0.0000000000000000
    -0.0000000000000000     0.0000000000000000        0.0000000000000000     0.0000000000000000        0.0000000000000000     0.0000000000000000
    1    4
     0.0000000000000017     0.0000000000000000        0.0037514200126210    -0.0000000000000000        0.0000000000000054    -0.0000000000000000
     0.0037514200126210    -0.0000000000000000       -0.0000000000000017     0.0000000000000000        0.0000000000000011    -0.0000000000000000
    -0.0000000000000000     0.0000000000000000       -0.0000000000000000     0.0000000000000000        0.0000000000000000    -0.0000000000000000
    1    5
     0.0000000000000000    -0.0000000000000000        0.0000000000000000    -0.0000000000000000        0.0000000000000000    -0.0000000000000000
     0.0000000000000000    -0.0000000000000000        0.0000000000000000    -0.0000000000000000        0.0000000000000000     0.0000000000000000
     0.0000000000000000    -0.0000000000000000        0.0000000000000000    -0.0000000000000000       -0.0000000000000000     0.0000000000000000
    2    1
     0.0000000000000068    -0.0000000000000000       -0.0062335402717890    -0.0000000000000000        0.0000000000000000     0.0000000000000000
    -0.0062335402717890    -0.0000000000000000       -0.0000000000000068    -0.0000000000000000       -0.0000000000000000    -0.0000000000000000
    -0.0000000000000068    -0.0000000000000000        0.0000000000000113    -0.0000000000000000       -0.0000000000000000    -0.0000000000000000
    2    2
     0.0781249432731096    -0.0000000000000000        0.0000000000000000     0.0000000000000000        0.0000000000000000     0.0000000000000000
     0.0000000000000000     0.0000000000000000        0.0781249432731096     0.0000000000000000       -0.0000000000000086     0.0000000000000000
     0.0000000000000000     0.0000000000000000       -0.0000000000000086     0.0000000000000000        0.0384177434985701    -0.0000000000000000
    2    3
    -0.0044775885348079    -0.0000000000000000       -0.0000000000000000     0.0000000000000000       -0.0000000000000000    -0.0000000000000000
     0.0001340306703215     0.0000000000000000        0.0000000000000002    -0.0000000000000000        0.0000000000000000     0.0000000000000000
     0.0002675441048926     0.0000000000000000        0.0000000000000000     0.0000000000000000       -0.0000000000000001     0.0000000000000000
    2    4
    -0.0029376167378352     0.0000000000000000       -0.0000000000000060    -0.0000000000000000       -0.0000000000000059     0.0000000000000000
     0.0000000000000060    -0.0000000000000000       -0.0029376167378352    -0.0000000000000000        0.0000000000000001     0.0000000000000000
    -0.0000000000000138    -0.0000000000000000        0.0000000000000092    -0.0000000000000000       -0.0368927497269600    -0.0000000000000000
    2    5
    -0.0000000000000002    -0.0000000000000000        0.0001340306703215     0.0000000000000000       -0.0000000000000000    -0.0000000000000000
     0.0000000000000000    -0.0000000000000000       -0.0044775885348079    -0.0000000000000000       -0.0000000000000000     0.0000000000000000
     0.0000000000000000    -0.0000000000000000        0.0002675441048926     0.0000000000000000        0.0000000000000002     0.0000000000000000
    3    1
     0.0000000000000000     0.0000000000000000       -0.0000000000000000     0.0000000000000000        0.0000000000000000    -0.0000000000000000
     0.0000000000000000     0.0000000000000000        0.0000000000000000     0.0000000000000000        0.0000000000000000    -0.0000000000000000
     0.0000000000000000     0.0000000000000000        0.0000000000000000    -0.0000000000000000        0.0000000000000000    -0.0000000000000000
    3    2
    -0.0044775885348079     0.0000000000000000        0.0001340306703215    -0.0000000000000000        0.0002675441048926    -0.0000000000000000
    -0.0000000000000000    -0.0000000000000000        0.0000000000000002     0.0000000000000000        0.0000000000000000    -0.0000000000000000
    -0.0000000000000000     0.0000000000000000        0.0000000000000000    -0.0000000000000000       -0.0000000000000001    -0.0000000000000000
    3    3
     0.1218362980989686    -0.0000000000000000        0.0000000000000596    -0.0000000000000000       -0.0000000000000697    -0.0000000000000000
     0.0000000000000596    -0.0000000000000000        0.0022289939327941    -0.0000000000000000        0.0000000000000030     0.0000000000000000
    -0.0000000000000697    -0.0000000000000000        0.0000000000000030     0.0000000000000000        0.0022984939772843     0.0000000000000000
    3    4
     0.0000000000000000    -0.0000000000000000        0.0000000000000000    -0.0000000000000000       -0.0000000000000000     0.0000000000000000
     0.0000000000000000    -0.0000000000000000        0.0000000000000000    -0.0000000000000000       -0.0000000000000000     0.0000000000000000
     0.0000000000000000     0.0000000000000000        0.0000000000000000     0.0000000000000000       -0.0000000000000000     0.0000000000000000
    3    5
    -0.0000000000000506    -0.0000000000000000        0.0118825207861910    -0.0000000000000000        0.0000000000000693     0.0000000000000000
     0.0069681987022558    -0.0000000000000000        0.0000000000000506     0.0000000000000000       -0.0000000000000030     0.0000000000000000
     0.0000000000000030     0.0000000000000000       -0.0000000000000693    -0.0000000000000000        0.0000000000000000    -0.0000000000000000
    4    1
     0.0000000000000017    -0.0000000000000000        0.0037514200126210     0.0000000000000000       -0.0000000000000000    -0.0000000000000000
     0.0037514200126210     0.0000000000000000       -0.0000000000000017    -0.0000000000000000       -0.0000000000000000    -0.0000000000000000
     0.0000000000000054     0.0000000000000000        0.0000000000000011     0.0000000000000000        0.0000000000000000     0.0000000000000000
    4    2
    -0.0029376167378352     0.0000000000000000        0.0000000000000060    -0.0000000000000000       -0.0000000000000138     0.0000000000000000
    -0.0000000000000060    -0.0000000000000000       -0.0029376167378352    -0.0000000000000000        0.0000000000000092    -0.0000000000000000
    -0.0000000000000059     0.0000000000000000        0.0000000000000001     0.0000000000000000       -0.0368927497269600     0.0000000000000000
    4    3
     0.0000000000000000     0.0000000000000000        0.0000000000000000     0.0000000000000000        0.0000000000000000    -0.0000000000000000
    -0.0000000000000000     0.0000000000000000       -0.0000000000000000     0.0000000000000000        0.0000000000000000    -0.0000000000000000
     0.0000000000000000    -0.0000000000000000       -0.0000000000000000    -0.0000000000000000        0.0000000000000000    -0.0000000000000000
    4    4
     0.0029634616136718    -0.0000000000000000        0.0000000000000000    -0.0000000000000000       -0.0000000000000118     0.0000000000000000
     0.0000000000000000    -0.0000000000000000        0.0029634616136718     0.0000000000000000        0.0000000000000023    -0.0000000000000000
    -0.0000000000000118     0.0000000000000000        0.0000000000000023    -0.0000000000000000        0.0472749716749887     0.0000000000000000
    4    5
     0.0000000000000000     0.0000000000000000        0.0000000000000000    -0.0000000000000000       -0.0000000000000000     0.0000000000000000
     0.0000000000000000    -0.0000000000000000        0.0000000000000000     0.0000000000000000        0.0000000000000000     0.0000000000000000
     0.0000000000000000    -0.0000000000000000        0.0000000000000000    -0.0000000000000000       -0.0000000000000000    -0.0000000000000000
    5    1
    -0.0000000000000000     0.0000000000000000       -0.0000000000000000     0.0000000000000000        0.0000000000000000     0.0000000000000000
    -0.0000000000000000     0.0000000000000000       -0.0000000000000000     0.0000000000000000        0.0000000000000000     0.0000000000000000
     0.0000000000000000     0.0000000000000000        0.0000000000000000    -0.0000000000000000        0.0000000000000000    -0.0000000000000000
    5    2
    -0.0000000000000002     0.0000000000000000        0.0000000000000000     0.0000000000000000        0.0000000000000000     0.0000000000000000
     0.0001340306703215    -0.0000000000000000       -0.0044775885348079     0.0000000000000000        0.0002675441048926    -0.0000000000000000
    -0.0000000000000000     0.0000000000000000       -0.0000000000000000    -0.0000000000000000        0.0000000000000002    -0.0000000000000000
    5    3
    -0.0000000000000506     0.0000000000000000        0.0069681987022558     0.0000000000000000        0.0000000000000030    -0.0000000000000000
     0.0118825207861910     0.0000000000000000        0.0000000000000506    -0.0000000000000000       -0.0000000000000693     0.0000000000000000
     0.0000000000000693    -0.0000000000000000       -0.0000000000000030    -0.0000000000000000        0.0000000000000000     0.0000000000000000
    5    4
     0.0000000000000000    -0.0000000000000000        0.0000000000000000     0.0000000000000000        0.0000000000000000     0.0000000000000000
     0.0000000000000000     0.0000000000000000       -0.0000000000000000    -0.0000000000000000        0.0000000000000000     0.0000000000000000
    -0.0000000000000000    -0.0000000000000000        0.0000000000000000    -0.0000000000000000       -0.0000000000000000     0.0000000000000000
    5    5
     0.0022289939327941    -0.0000000000000000       -0.0000000000000596     0.0000000000000000       -0.0000000000000030     0.0000000000000000
    -0.0000000000000596     0.0000000000000000        0.1218362980989687     0.0000000000000000        0.0000000000000694    -0.0000000000000000
    -0.0000000000000030     0.0000000000000000        0.0000000000000694    -0.0000000000000000        0.0022984939772843    -0.0000000000000000

     Dynamical Matrix in cartesian axes

     q = (     0.000000000000     0.079723452807    -0.079723452807 )

    1    1
    -0.0003610993824074     0.0000000000000000        0.0000000000000000     0.0000000000000000        0.0000000000000000    -0.0000000000000000
     0.0000000000000000     0.0000000000000000        0.0030666712139684     0.0000000000000000        0.0000000000000000    -0.0000000000000000
     0.0000000000000000     0.0000000000000000        0.0000000000000000    -0.0000000000000000        0.0030666712139515     0.0000000000000000
    1    2
     0.0000000000000000     0.0000000000000000       -0.0000000000000000     0.0000000000000000       -0.0000000000000000     0.0000000000000000
     0.0000000000000113     0.0000000000000000        0.0000000000000113     0.0000000000000000       -0.0062335402717723     0.0000000000000000
     0.0000000000000068     0.0000000000000000       -0.0062335402717889     0.0000000000000000       -0.0000000000000068     0.0000000000000000
    1    3
    -0.0000000000000000    -0.0000000000000000       -0.0000000000000000     0.0000000000000000       -0.0000000000000000     0.0000000000000000
     0.0000000000000011    -0.0000000000000000        0.0000000000000017     0.0000000000000000        0.0037514200126055    -0.0000000000000000
    -0.0000000000000054     0.0000000000000000        0.0037514200126210    -0.0000000000000000       -0.0000000000000017     0.0000000000000000
    1    4
     0.0000000000000000     0.0000000000000000        0.0000000000000000    -0.0000000000000000        0.0000000000000000    -0.0000000000000000
     0.0000000000000000    -0.0000000000000000        0.0000000000000000    -0.0000000000000000       -0.0000000000000000    -0.0000000000000000
     0.0000000000000000     0.0000000000000000        0.0000000000000000    -0.0000000000000000        0.0000000000000000    -0.0000000000000000
    1    5
     0.0000000000000000     0.0000000000000000       -0.0000000000000000    -0.0000000000000000        0.0000000000000000     0.0000000000000000
     0.0000000000000000    -0.0000000000000000       -0.0000000000000000    -0.0000000000000000        0.0000000000000000    -0.0000000000000000
    -0.0000000000000000     0.0000000000000000       -0.0000000000000000    -0.0000000000000000        0.0000000000000000    -0.0000000000000000
    2    1
     0.0000000000000000    -0.0000000000000000        0.0000000000000113    -0.0000000000000000        0.0000000000000068    -0.0000000000000000
    -0.0000000000000000    -0.0000000000000000        0.0000000000000113    -0.0000000000000000       -0.0062335402717889    -0.0000000000000000
    -0.0000000000000000    -0.0000000000000000       -0.0062335402717723    -0.0000000000000000       -0.0000000000000068    -0.0000000000000000
    2    2
     0.0384177434985701     0.0000000000000000        0.0000000000000085     0.0000000000000000        0.0000000000000000     0.0000000000000000
     0.0000000000000085     0.0000000000000000        0.0781249432731096    -0.0000000000000000       -0.0000000000000083    -0.0000000000000000
     0.0000000000000000     0.0000000000000000       -0.0000000000000083    -0.0000000000000000        0.0781249432731096     0.0000000000000000
    2    3
    -0.0368927497269600     0.0000000000000000       -0.0000000000000092    -0.0000000000000000       -0.0000000000000134     0.0000000000000000
    -0.0000000000000001    -0.0000000000000000       -0.0029376167378352     0.0000000000000000       -0.0000000000000106     0.0000000000000000
    -0.0000000000000059     0.0000000000000000        0.0000000000000060     0.0000000000000000       -0.0029376167378352    -0.0000000000000000
    2    4
    -0.0000000000000001     0.0000000000000000       -0.0000000000000000    -0.0000000000000000        0.0002675441048926     0.0000000000000000
     0.0000000000000000    -0.0000000000000000       -0.0000000000000001    -0.0000000000000000        0.0001340306703201     0.0000000000000000
    -0.0000000000000000     0.0000000000000000        0.0000000000000000    -0.0000000000000000       -0.0044775885348079    -0.0000000000000000
    2    5
    -0.0000000000000002     0.0000000000000000        0.0002675441048926     0.0000000000000000       -0.0000000000000000    -0.0000000000000000
     0.0000000000000001    -0.0000000000000000       -0.0044775885348093    -0.0000000000000000       -0.0000000000000000     0.0000000000000000
     0.0000000000000000     0.0000000000000000        0.0001340306703215     0.0000000000000000        0.0000000000000002    -0.0000000000000000
    3    1
    -0.0000000000000000     0.0000000000000000        0.0000000000000011     0.0000000000000000       -0.0000000000000054    -0.0000000000000000
    -0.0000000000000000    -0.0000000000000000        0.0000000000000017    -0.0000000000000000        0.0037514200126210     0.0000000000000000
    -0.0000000000000000    -0.0000000000000000        0.0037514200126055     0.0000000000000000       -0.0000000000000017    -0.0000000000000000
    3    2
    -0.0368927497269600    -0.0000000000000000       -0.0000000000000001    -0.0000000000000000       -0.0000000000000059     0.0000000000000000
    -0.0000000000000092    -0.0000000000000000       -0.0029376167378352    -0.0000000000000000        0.0000000000000060    -0.0000000000000000
    -0.0000000000000134     0.0000000000000000       -0.0000000000000106     0.0000000000000000       -0.0029376167378352     0.0000000000000000
    3    3
     0.0472749716749887    -0.0000000000000000       -0.0000000000000023    -0.0000000000000000       -0.0000000000000121     0.0000000000000000
    -0.0000000000000023    -0.0000000000000000        0.0029634616136718     0.0000000000000000        0.0000000000000000     0.0000000000000000
    -0.0000000000000121     0.0000000000000000        0.0000000000000000     0.0000000000000000        0.0029634616136718     0.0000000000000000
    3    4
     0.0000000000000000    -0.0000000000000000        0.0000000000000000     0.0000000000000000        0.0000000000000000    -0.0000000000000000
     0.0000000000000000     0.0000000000000000        0.0000000000000000     0.0000000000000000        0.0000000000000000    -0.0000000000000000
     0.0000000000000000     0.0000000000000000        0.0000000000000000    -0.0000000000000000       -0.0000000000000000     0.0000000000000000
    3    5
     0.0000000000000000    -0.0000000000000000        0.0000000000000000     0.0000000000000000        0.0000000000000000    -0.0000000000000000
     0.0000000000000000    -0.0000000000000000        0.0000000000000000     0.0000000000000000        0.0000000000000000     0.0000000000000000
     0.0000000000000000    -0.0000000000000000        0.0000000000000000     0.0000000000000000       -0.0000000000000000     0.0000000000000000
    4    1
     0.0000000000000000    -0.0000000000000000       -0.0000000000000000     0.0000000000000000        0.0000000000000000    -0.0000000000000000
    -0.0000000000000000     0.0000000000000000        0.0000000000000000     0.0000000000000000       -0.0000000000000000     0.0000000000000000
    -0.0000000000000000     0.0000000000000000       -0.0000000000000000     0.0000000000000000        0.0000000000000000     0.0000000000000000
    4    2
    -0.0000000000000001    -0.0000000000000000        0.0000000000000000     0.0000000000000000       -0.0000000000000000    -0.0000000000000000
    -0.0000000000000000     0.0000000000000000       -0.0000000000000001     0.0000000000000000        0.0000000000000000     0.0000000000000000
     0.0002675441048926    -0.0000000000000000        0.0001340306703201    -0.0000000000000000       -0.0044775885348079     0.0000000000000000
    4    3
     0.0000000000000000     0.0000000000000000        0.0000000000000000    -0.0000000000000000        0.0000000000000000    -0.0000000000000000
    -0.0000000000000000    -0.0000000000000000        0.0000000000000000    -0.0000000000000000       -0.0000000000000000     0.0000000000000000
     0.0000000000000000     0.0000000000000000        0.0000000000000000     0.0000000000000000        0.0000000000000000    -0.0000000000000000
    4    4
     0.0022984939772843     0.0000000000000000       -0.0000000000000030    -0.0000000000000000        0.0000000000000694     0.0000000000000000
    -0.0000000000000030    -0.0000000000000000        0.0022289939327941     0.0000000000000000       -0.0000000000000596     0.0000000000000000
     0.0000000000000694     0.0000000000000000       -0.0000000000000596     0.0000000000000000        0.1218362980989686     0.0000000000000000
    4    5
     0.0000000000000000    -0.0000000000000000        0.0000000000000694     0.0000000000000000       -0.0000000000000030    -0.0000000000000000
     0.0000000000000030    -0.0000000000000000       -0.0000000000000640     0.0000000000000000        0.0069681987022558    -0.0000000000000000
    -0.0000000000000693    -0.0000000000000000        0.0118825207862058    -0.0000000000000000        0.0000000000000506     0.0000000000000000
    5    1
     0.0000000000000000    -0.0000000000000000        0.0000000000000000     0.0000000000000000       -0.0000000000000000    -0.0000000000000000
     0.0000000000000000     0.0000000000000000        0.0000000000000000     0.0000000000000000        0.0000000000000000     0.0000000000000000
     0.0000000000000000    -0.0000000000000000       -0.0000000000000000     0.0000000000000000        0.0000000000000000     0.0000000000000000
    5    2
    -0.0000000000000002    -0.0000000000000000        0.0000000000000001     0.0000000000000000        0.0000000000000000    -0.0000000000000000
     0.0002675441048926    -0.0000000000000000       -0.0044775885348093     0.0000000000000000        0.0001340306703215    -0.0000000000000000
    -0.0000000000000000     0.0000000000000000       -0.0000000000000000    -0.0000000000000000        0.0000000000000002     0.0000000000000000
    5    3
     0.0000000000000000     0.0000000000000000        0.0000000000000000     0.0000000000000000        0.0000000000000000     0.0000000000000000
     0.0000000000000000    -0.0000000000000000       -0.0000000000000000    -0.0000000000000000        0.0000000000000000    -0.0000000000000000
    -0.0000000000000000     0.0000000000000000        0.0000000000000000    -0.0000000000000000        0.0000000000000000    -0.0000000000000000
    5    4
     0.0000000000000000     0.0000000000000000        0.0000000000000030     0.0000000000000000       -0.0000000000000693     0.0000000000000000
     0.0000000000000694    -0.0000000000000000       -0.0000000000000640    -0.0000000000000000        0.0118825207862058     0.0000000000000000
    -0.0000000000000030     0.0000000000000000        0.0069681987022558     0.0000000000000000        0.0000000000000506    -0.0000000000000000
    5    5
     0.0022984939772843     0.0000000000000000       -0.0000000000000693     0.0000000000000000        0.0000000000000030     0.0000000000000000
    -0.0000000000000693     0.0000000000000000        0.1218362980989996    -0.0000000000000000        0.0000000000000462    -0.0000000000000000
     0.0000000000000030     0.0000000000000000        0.0000000000000462    -0.0000000000000000        0.0022289939327941     0.0000000000000000

     Dynamical Matrix in cartesian axes

     q = (     0.079723452807     0.000000000000    -0.079723452807 )

    1    1
     0.0030666712139684     0.0000000000000000        0.0000000000000000     0.0000000000000000       -0.0000000000000000     0.0000000000000000
     0.0000000000000000    -0.0000000000000000       -0.0003610993824074     0.0000000000000000        0.0000000000000000     0.0000000000000000
     0.0000000000000000    -0.0000000000000000       -0.0000000000000000    -0.0000000000000000        0.0030666712139684    -0.0000000000000000
    1    2
     0.0000000000000113     0.0000000000000000        0.0000000000000113     0.0000000000000000       -0.0062335402717722     0.0000000000000000
     0.0000000000000000    -0.0000000000000000       -0.0000000000000000     0.0000000000000000       -0.0000000000000000     0.0000000000000000
    -0.0062335402717722     0.0000000000000000       -0.0000000000000068     0.0000000000000000        0.0000000000000113     0.0000000000000000
    1    3
     0.0000000000000000    -0.0000000000000000        0.0000000000000000     0.0000000000000000        0.0000000000000000    -0.0000000000000000
     0.0000000000000000     0.0000000000000000        0.0000000000000000     0.0000000000000000       -0.0000000000000000    -0.0000000000000000
    -0.0000000000000000    -0.0000000000000000        0.0000000000000000    -0.0000000000000000        0.0000000000000000    -0.0000000000000000
    1    4
     0.0000000000000000    -0.0000000000000000        0.0000000000000000     0.0000000000000000        0.0000000000000000    -0.0000000000000000
    -0.0000000000000000     0.0000000000000000        0.0000000000000000     0.0000000000000000       -0.0000000000000000    -0.0000000000000000
    -0.0000000000000000    -0.0000000000000000        0.0000000000000000    -0.0000000000000000       -0.0000000000000000    -0.0000000000000000
    1    5
    -0.0000000000000017     0.0000000000000000        0.0000000000000011    -0.0000000000000000        0.0037514200126055    -0.0000000000000000
    -0.0000000000000000     0.0000000000000000        0.0000000000000000    -0.0000000000000000       -0.0000000000000000     0.0000000000000000
     0.0037514200126055    -0.0000000000000000        0.0000000000000054    -0.0000000000000000        0.0000000000000017     0.0000000000000000
    2    1
     0.0000000000000113    -0.0000000000000000        0.0000000000000000     0.0000000000000000       -0.0062335402717722    -0.0000000000000000
     0.0000000000000113    -0.0000000000000000       -0.0000000000000000    -0.0000000000000000       -0.0000000000000068    -0.0000000000000000
    -0.0062335402717723    -0.0000000000000000       -0.0000000000000000    -0.0000000000000000        0.0000000000000113    -0.0000000000000000
    2    2
     0.0781249432731096    -0.0000000000000000       -0.0000000000000085     0.0000000000000000        0.0000000000000003     0.0000000000000000
    -0.0000000000000085     0.0000000000000000        0.0384177434985701     0.0000000000000000        0.0000000000000002     0.0000000000000000
     0.0000000000000003     0.0000000000000000        0.0000000000000002     0.0000000000000000        0.0781249432731096     0.0000000000000000
    2    3
    -0.0044775885348093    -0.0000000000000000       -0.0000000000000001     0.0000000000000000       -0.0000000000000000    -0.0000000000000000
     0.0002675441048926     0.0000000000000000        0.0000000000000002     0.0000000000000000        0.0000000000000000    -0.0000000000000000
     0.0001340306703201     0.0000000000000000        0.0000000000000000    -0.0000000000000000       -0.0000000000000001    -0.0000000000000000
    2    4
    -0.0000000000000001    -0.0000000000000000       -0.0000000000000000     0.0000000000000000        0.0001340306703201     0.0000000000000000
     0.0000000000000000     0.0000000000000000       -0.0000000000000001     0.0000000000000000        0.0002675441048926     0.0000000000000000
    -0.0000000000000000     0.0000000000000000        0.0000000000000001    -0.0000000000000000       -0.0044775885348093    -0.0000000000000000
    2    5
    -0.0029376167378352     0.0000000000000000        0.0000000000000001     0.0000000000000000       -0.0000000000000165     0.0000000000000000
     0.0000000000000092     0.0000000000000000       -0.0368927497269600    -0.0000000000000000       -0.0000000000000138     0.0000000000000000
    -0.0000000000000106    -0.0000000000000000       -0.0000000000000062     0.0000000000000000       -0.0029376167378352     0.0000000000000000
    3    1
     0.0000000000000000     0.0000000000000000        0.0000000000000000    -0.0000000000000000        0.0000000000000000     0.0000000000000000
     0.0000000000000000    -0.0000000000000000        0.0000000000000000    -0.0000000000000000        0.0000000000000000     0.0000000000000000
     0.0000000000000000     0.0000000000000000       -0.0000000000000000     0.0000000000000000       -0.0000000000000000     0.0000000000000000
    3    2
    -0.0044775885348093     0.0000000000000000        0.0002675441048926    -0.0000000000000000        0.0001340306703201    -0.0000000000000000
    -0.0000000000000001    -0.0000000000000000        0.0000000000000002    -0.0000000000000000        0.0000000000000000     0.0000000000000000
    -0.0000000000000000     0.0000000000000000        0.0000000000000000     0.0000000000000000       -0.0000000000000001     0.0000000000000000
    3    3
     0.1218362980989995    -0.0000000000000000        0.0000000000000693    -0.0000000000000000       -0.0000000000000644    -0.0000000000000000
     0.0000000000000693    -0.0000000000000000        0.0022984939772843     0.0000000000000000       -0.0000000000000030     0.0000000000000000
    -0.0000000000000644    -0.0000000000000000       -0.0000000000000030     0.0000000000000000        0.0022289939327941     0.0000000000000000
    3    4
     0.0000000000000458    -0.0000000000000000       -0.0000000000000694     0.0000000000000000        0.0118825207862207     0.0000000000000000
    -0.0000000000000030    -0.0000000000000000        0.0000000000000000     0.0000000000000000        0.0000000000000694    -0.0000000000000000
     0.0069681987022558     0.0000000000000000        0.0000000000000030    -0.0000000000000000       -0.0000000000000640     0.0000000000000000
    3    5
    -0.0000000000000000    -0.0000000000000000       -0.0000000000000000     0.0000000000000000       -0.0000000000000000    -0.0000000000000000
     0.0000000000000000    -0.0000000000000000       -0.0000000000000000     0.0000000000000000        0.0000000000000000    -0.0000000000000000
     0.0000000000000000     0.0000000000000000       -0.0000000000000000     0.0000000000000000        0.0000000000000000    -0.0000000000000000
    4    1
    -0.0000000000000000     0.0000000000000000       -0.0000000000000000    -0.0000000000000000        0.0000000000000000     0.0000000000000000
     0.0000000000000000    -0.0000000000000000       -0.0000000000000000    -0.0000000000000000       -0.0000000000000000     0.0000000000000000
    -0.0000000000000000     0.0000000000000000        0.0000000000000000     0.0000000000000000        0.0000000000000000     0.0000000000000000
    4    2
    -0.0000000000000001     0.0000000000000000        0.0000000000000000    -0.0000000000000000       -0.0000000000000000    -0.0000000000000000
    -0.0000000000000000    -0.0000000000000000       -0.0000000000000001    -0.0000000000000000        0.0000000000000001     0.0000000000000000
     0.0001340306703201    -0.0000000000000000        0.0002675441048926    -0.0000000000000000       -0.0044775885348093     0.0000000000000000
    4    3
     0.0000000000000458     0.0000000000000000       -0.0000000000000030     0.0000000000000000        0.0069681987022558    -0.0000000000000000
    -0.0000000000000694    -0.0000000000000000        0.0000000000000000    -0.0000000000000000        0.0000000000000030     0.0000000000000000
     0.0118825207862207    -0.0000000000000000        0.0000000000000694     0.0000000000000000       -0.0000000000000640    -0.0000000000000000
    4    4
     0.0022289939327941     0.0000000000000000        0.0000000000000030     0.0000000000000000        0.0000000000000462     0.0000000000000000
     0.0000000000000030     0.0000000000000000        0.0022984939772843    -0.0000000000000000       -0.0000000000000693     0.0000000000000000
     0.0000000000000462     0.0000000000000000       -0.0000000000000693     0.0000000000000000        0.1218362980989996     0.0000000000000000
    4    5
     0.0000000000000000    -0.0000000000000000        0.0000000000000000     0.0000000000000000        0.0000000000000000    -0.0000000000000000
    -0.0000000000000000     0.0000000000000000        0.0000000000000000     0.0000000000000000        0.0000000000000000     0.0000000000000000
     0.0000000000000000    -0.0000000000000000        0.0000000000000000    -0.0000000000000000       -0.0000000000000000    -0.0000000000000000
    5    1
    -0.0000000000000017    -0.0000000000000000       -0.0000000000000000    -0.0000000000000000        0.0037514200126055     0.0000000000000000
     0.0000000000000011     0.0000000000000000        0.0000000000000000     0.0000000000000000        0.0000000000000054     0.0000000000000000
     0.0037514200126055     0.0000000000000000       -0.0000000000000000    -0.0000000000000000        0.0000000000000017    -0.0000000000000000
    5    2
    -0.0029376167378352     0.0000000000000000        0.0000000000000092     0.0000000000000000       -0.0000000000000106    -0.0000000000000000
     0.0000000000000001     0.0000000000000000       -0.0368927497269600     0.0000000000000000       -0.0000000000000062     0.0000000000000000
    -0.0000000000000165     0.0000000000000000       -0.0000000000000138    -0.0000000000000000       -0.0029376167378352     0.0000000000000000
    5    3
     0.0000000000000000     0.0000000000000000       -0.0000000000000000     0.0000000000000000        0.0000000000000000    -0.0000000000000000
    -0.0000000000000000    -0.0000000000000000        0.0000000000000000    -0.0000000000000000       -0.0000000000000000    -0.0000000000000000
     0.0000000000000000     0.0000000000000000        0.0000000000000000     0.0000000000000000       -0.0000000000000000     0.0000000000000000
    5    4
     0.0000000000000000     0.0000000000000000        0.0000000000000000    -0.0000000000000000        0.0000000000000000     0.0000000000000000
     0.0000000000000000    -0.0000000000000000        0.0000000000000000    -0.0000000000000000        0.0000000000000000     0.0000000000000000
    -0.0000000000000000     0.0000000000000000        0.0000000000000000    -0.0000000000000000        0.0000000000000000     0.0000000000000000
    5    5
     0.0029634616136718     0.0000000000000000        0.0000000000000023     0.0000000000000000       -0.0000000000000000     0.0000000000000000
     0.0000000000000023     0.0000000000000000        0.0472749716749887    -0.0000000000000000       -0.0000000000000118     0.0000000000000000
    -0.0000000000000000     0.0000000000000000       -0.0000000000000118     0.0000000000000000        0.0029634616136718     0.0000000000000000

     Diagonalizing the dynamical matrix

     q = (    -0.079723452807    -0.079723452807     0.000000000000 )

***************************************************************************
   freq (    1) =    -0.66592373 [THz] =   -22.21282147 [cm-1]
(  -0.000000  0.000000  -0.000000 -0.000000   0.000000  0.000000 )
(  -0.000000 -0.000000  -0.000000 -0.000000   0.000000  0.000000 )
(  -0.000000 -0.000000   0.707107  0.000252  -0.000000 -0.000000 )
(   0.000000  0.000000  -0.000000 -0.000000   0.000000  0.000000 )
(  -0.707107 -0.000252  -0.000000 -0.000000   0.000000  0.000000 )
   freq (    2) =    -0.27159928 [THz] =    -9.05957544 [cm-1]
(  -0.508242  0.000000   0.508242 -0.000000  -0.000000 -0.000000 )
(   0.021779 -0.000000  -0.021779 -0.000000  -0.000000  0.000000 )
(   0.000907 -0.000000  -0.000000 -0.000000   0.000000  0.000000 )
(  -0.491137  0.000000   0.491137  0.000000  -0.000000  0.000000 )
(  -0.000000  0.000000  -0.000907  0.000000  -0.000000  0.000000 )
   freq (    3) =    -0.27159103 [THz] =    -9.05930034 [cm-1]
(   0.508233  0.000000   0.508233 -0.000000  -0.000000 -0.000000 )
(   0.021764 -0.000000   0.021764  0.000000  -0.000033  0.000000 )
(   0.000703 -0.000000   0.000000 -0.000000   0.000000  0.000000 )
(  -0.491147  0.000000  -0.491147 -0.000000  -0.000025  0.000000 )
(  -0.000000 -0.000000   0.000703  0.000000  -0.000000 -0.000000 )
   freq (    4) =    -0.17961896 [THz] =    -5.99144288 [cm-1]
(   0.000000  0.000000   0.000000  0.000000   1.000000  0.000000 )
(   0.000000  0.000000   0.000000  0.000000   0.000000 -0.000000 )
(  -0.000000  0.000000   0.000000  0.000000  -0.000000  0.000000 )
(  -0.000000  0.000000  -0.000000  0.000000   0.000000 -0.000000 )
(  -0.000000 -0.000000   0.000000  0.000000  -0.000000  0.000000 )
   freq (    5) =     0.46376016 [THz] =    15.46937168 [cm-1]
(  -0.000000  0.000000  -0.000000  0.000000   0.000000  0.000000 )
(  -0.000000  0.000000  -0.000000  0.000000   0.000000 -0.000000 )
(  -0.000000  0.000000   0.000000 -0.000000  -0.698301  0.000313 )
(  -0.000000  0.000000  -0.000000  0.000000   0.000000 -0.000000 )
(   0.000000 -0.000000  -0.000000  0.000000   0.715804 -0.000268 )
   freq (    6) =     0.46376016 [THz] =    15.46937168 [cm-1]
(  -0.000000  0.000000  -0.000000 -0.000000   0.000000 -0.000000 )
(  -0.000000 -0.000000  -0.000000 -0.000000   0.000000  0.000000 )
(  -0.000000 -0.000000   0.000000  0.000000  -0.715438 -0.022909 )
(  -0.000000 -0.000000  -0.000000 -0.000000   0.000000  0.000000 )
(   0.000000  0.000000  -0.000000 -0.000000  -0.697941 -0.022401 )
   freq (    7) =     0.62567789 [THz] =    20.87036490 [cm-1]
(  -0.000184  0.000000  -0.000184 -0.000000  -0.000000 -0.000000 )
(  -0.000123 -0.000000  -0.000123 -0.000000   0.759626 -0.000000 )
(  -0.001573  0.000000  -0.000000  0.000000   0.000000  0.000000 )
(  -0.000269 -0.000000  -0.000269 -0.000000   0.650356 -0.000000 )
(   0.000000  0.000000  -0.001573  0.000000  -0.000000  0.000000 )
   freq (    8) =     0.75056551 [THz] =    25.03616680 [cm-1]
(   0.475037  0.000000  -0.475037 -0.000000  -0.000000  0.000000 )
(  -0.065906 -0.000000   0.065906  0.000000   0.000000 -0.000000 )
(  -0.002924 -0.000000   0.000000 -0.000000   0.000000 -0.000000 )
(  -0.519604 -0.000000   0.519604  0.000000   0.000000 -0.000000 )
(   0.000000  0.000000   0.002924  0.000000  -0.000000 -0.000000 )
   freq (    9) =     0.75059550 [THz] =    25.03716718 [cm-1]
(   0.475056  0.000000   0.475056  0.000000  -0.000000 -0.000000 )
(   0.065853  0.000000   0.065853  0.000000   0.000272  0.000000 )
(   0.002239  0.000000   0.000000  0.000000  -0.000000  0.000000 )
(   0.519596  0.000000   0.519596  0.000000   0.000243  0.000000 )
(  -0.000000  0.000000   0.002239 -0.000000   0.000000 -0.000000 )
   freq (   10) =     0.92768257 [THz] =    30.94415520 [cm-1]
(   0.000000  0.000000  -0.000000 -0.000000  -0.000000 -0.000000 )
(   0.000000 -0.000000  -0.000000 -0.000000  -0.000000 -0.000000 )
(   0.000000  0.000000  -0.707107 -0.000309  -0.000000 -0.000000 )
(  -0.000000 -0.000000   0.000000 -0.000000  -0.000000 -0.000000 )
(  -0.707107 -0.000309  -0.000000 -0.000000   0.000000  0.000000 )
   freq (   11) =     2.12589015 [THz] =    70.91205243 [cm-1]
(   0.095581  0.000000  -0.095581  0.000000   0.000000 -0.000000 )
(   0.696660  0.000000  -0.696660 -0.000000  -0.000000  0.000000 )
(   0.052108 -0.000000   0.000000 -0.000000  -0.000000  0.000000 )
(  -0.053051 -0.000000   0.053051  0.000000   0.000000 -0.000000 )
(   0.000000  0.000000  -0.052108  0.000000   0.000000  0.000000 )
   freq (   12) =     2.12753360 [THz] =    70.96687200 [cm-1]
(  -0.095560  0.000000  -0.095560  0.000000  -0.000000 -0.000000 )
(   0.697707  0.000000   0.697707  0.000000  -0.000016 -0.000000 )
(   0.035509 -0.000000   0.000000  0.000000  -0.000000  0.000000 )
(  -0.053029 -0.000000  -0.053029 -0.000000   0.000532  0.000000 )
(  -0.000000  0.000000   0.035509 -0.000000   0.000000 -0.000000 )
   freq (   13) =     2.49674933 [THz] =    83.28258128 [cm-1]
(   0.000026  0.000000   0.000026 -0.000000   0.000000 -0.000000 )
(  -0.000267 -0.000000  -0.000267 -0.000000  -0.464392 -0.000000 )
(   0.001834  0.000000   0.000000  0.000000  -0.000000  0.000000 )
(   0.000014  0.000000   0.000014  0.000000   0.885626  0.000000 )
(  -0.000000 -0.000000   0.001834  0.000000   0.000000  0.000000 )
   freq (   14) =     3.21063572 [THz] =   107.09526448 [cm-1]
(   0.001816  0.000000  -0.001816 -0.000000   0.000000 -0.000000 )
(   0.032156  0.000000  -0.032156 -0.000000   0.000000  0.000000 )
(  -0.706372  0.000000  -0.000000  0.000000   0.000000  0.000000 )
(  -0.000945 -0.000000   0.000945  0.000000  -0.000000 -0.000000 )
(  -0.000000  0.000000   0.706372 -0.000000   0.000000  0.000000 )
   freq (   15) =     3.53906110 [THz] =   118.05035436 [cm-1]
(  -0.001011  0.000000  -0.001011  0.000000  -0.000000 -0.000000 )
(   0.021917  0.000000   0.021917  0.000000  -0.002300 -0.000000 )
(  -0.706764 -0.000000  -0.000000 -0.000000   0.000000  0.000000 )
(  -0.000521 -0.000000  -0.000521 -0.000000   0.000980  0.000000 )
(   0.000000  0.000000  -0.706764 -0.000000  -0.000000 -0.000000 )
***************************************************************************
