Dynamical matrix file
File generated with the CellConstructor by Lorenzo Monacelli
3 5 0     1.8897259890000000     0.0000000000000000     0.0000000000000000     0.0000000000000000     0.0000000000000000     0.0000000000000000
Basis vectors
    6.2716801944213545     0.0000000000000000     0.0000000000000000
    0.0000000000000000     6.2716801944213545     0.0000000000000000
    0.0000000000000000     0.0000000000000000     6.2716801944213545
	1  'Cs '  121135.9130928798404057
	2  'Pb '  188851.2534489461977500
	3  'I '  115666.3524506476387614
    1     1     3.1358400972106764     3.1358400972106764     3.1358400972106764
    2     2     0.0000000000000000     0.0000000000000000     0.0000000000000000
    3     3     3.1358400972106764     0.0000000000000000     0.0000000000000000
    4     3     0.0000000000000000     0.0000000000000000     3.1358400972106764
    5     3     0.0000000000000000     3.1358400972106764     0.0000000000000000

     Dynamical Matrix in cartesian axes

     q = (    -0.079723452807    -0.079723452807    -0.079723452807 )

    1    1
    -0.0006576249688310    -0.0000000000000000        0.0000000000000000     0.0000000000000000        0.0000000000000000     0.0000000000000000
     0.0000000000000000     0.0000000000000000       -0.0006576249688310     0.0000000000000000       -0.0000000000000000     0.0000000000000000
    -0.0000000000000000     0.0000000000000000        0.0000000000000000     0.0000000000000000       -0.0006576249688310    -0.0000000000000000
    1    2
     0.0000000000000000     0.0000000000000000        0.0000000000000000    -0.0000000000000000       -0.0000000000000000     0.0000000000000000
     0.0000000000000000    -0.0000000000000000       -0.0000000000000000     0.0000000000000000        0.0000000000000000     0.0000000000000000
     0.0000000000000000     0.0000000000000000       -0.0000000000000000     0.0000000000000000       -0.0000000000000000     0.0000000000000000
    1    3
    -0.0000000000000000    -0.0000000000000000       -0.0000000000000000     0.0000000000000000       -0.0000000000000000     0.0000000000000000
     0.0000000000000000     0.0000000000000000       -0.0000000000000007     0.0000000000000000        0.0020382007141912    -0.0000000000000000
     0.0000000000000001     0.0000000000000000        0.0020382007141915    -0.0000000000000000        0.0000000000000007     0.0000000000000000
    1    4
    -0.0000000000000007     0.0000000000000000        0.0020382007141915    -0.0000000000000000       -0.0000000000000001    -0.0000000000000000
     0.0020382007141915    -0.0000000000000000        0.0000000000000007     0.0000000000000000        0.0000000000000000    -0.0000000000000000
    -0.0000000000000000     0.0000000000000000       -0.0000000000000000    -0.0000000000000000        0.0000000000000000    -0.0000000000000000
    1    5
     0.0000000000000007     0.0000000000000000        0.0000000000000000     0.0000000000000000        0.0020382007141912    -0.0000000000000000
    -0.0000000000000000     0.0000000000000000        0.0000000000000000    -0.0000000000000000       -0.0000000000000000     0.0000000000000000
     0.0020382007141912    -0.0000000000000000       -0.0000000000000001     0.0000000000000000       -0.0000000000000007     0.0000000000000000
    2    1
     0.0000000000000000    -0.0000000000000000        0.0000000000000000     0.0000000000000000        0.0000000000000000    -0.0000000000000000
     0.0000000000000000     0.0000000000000000       -0.0000000000000000    -0.0000000000000000       -0.0000000000000000    -0.0000000000000000
    -0.0000000000000000    -0.0000000000000000        0.0000000000000000    -0.0000000000000000       -0.0000000000000000    -0.0000000000000000
    2    2
     0.0792211717505228    -0.0000000000000000        0.0000000000000000     0.0000000000000000        0.0000000000000003     0.0000000000000000
     0.0000000000000000     0.0000000000000000        0.0792211717505228     0.0000000000000000       -0.0000000000000083    -0.0000000000000000
     0.0000000000000003     0.0000000000000000       -0.0000000000000083    -0.0000000000000000        0.0792211717505228     0.0000000000000000
    2    3
    -0.0044572735488574    -0.0000000000000000       -0.0000000000000000     0.0000000000000000       -0.0000000000000000    -0.0000000000000000
     0.0001623264469557     0.0000000000000000        0.0000000000000002    -0.0000000000000000        0.0000000000000000    -0.0000000000000000
     0.0001623264469558     0.0000000000000000        0.0000000000000000    -0.0000000000000000       -0.0000000000000001    -0.0000000000000000
    2    4
    -0.0000000000000001    -0.0000000000000000       -0.0000000000000000     0.0000000000000000        0.0001623264469558     0.0000000000000000
     0.0000000000000000    -0.0000000000000000       -0.0000000000000001    -0.0000000000000000        0.0001623264469558     0.0000000000000000
    -0.0000000000000000     0.0000000000000000        0.0000000000000000    -0.0000000000000000       -0.0044572735488574    -0.0000000000000000
    2    5
    -0.0000000000000002    -0.0000000000000000        0.0001623264469557     0.0000000000000000       -0.0000000000000000    -0.0000000000000000
     0.0000000000000000    -0.0000000000000000       -0.0044572735488574    -0.0000000000000000       -0.0000000000000000     0.0000000000000000
     0.0000000000000000    -0.0000000000000000        0.0001623264469557     0.0000000000000000        0.0000000000000002    -0.0000000000000000
    3    1
    -0.0000000000000000     0.0000000000000000        0.0000000000000000    -0.0000000000000000        0.0000000000000001    -0.0000000000000000
    -0.0000000000000000    -0.0000000000000000       -0.0000000000000007    -0.0000000000000000        0.0020382007141915     0.0000000000000000
    -0.0000000000000000    -0.0000000000000000        0.0020382007141912     0.0000000000000000        0.0000000000000007    -0.0000000000000000
    3    2
    -0.0044572735488574     0.0000000000000000        0.0001623264469557    -0.0000000000000000        0.0001623264469558    -0.0000000000000000
    -0.0000000000000000    -0.0000000000000000        0.0000000000000002     0.0000000000000000        0.0000000000000000     0.0000000000000000
    -0.0000000000000000     0.0000000000000000        0.0000000000000000     0.0000000000000000       -0.0000000000000001     0.0000000000000000
    3    3
     0.1188223340577424     0.0000000000000000        0.0000000000000659    -0.0000000000000000       -0.0000000000000663     0.0000000000000000
     0.0000000000000659    -0.0000000000000000        0.0017810170275751    -0.0000000000000000        0.0000000000000000     0.0000000000000000
    -0.0000000000000663     0.0000000000000000        0.0000000000000000     0.0000000000000000        0.0017810170275751     0.0000000000000000
    3    4
     0.0000000000000655    -0.0000000000000000       -0.0000000000000659    -0.0000000000000000        0.0097955750072100     0.0000000000000000
     0.0000000000000001    -0.0000000000000000        0.0000000000000001     0.0000000000000000        0.0000000000000659    -0.0000000000000000
     0.0066437723839784     0.0000000000000000        0.0000000000000000    -0.0000000000000000       -0.0000000000000658     0.0000000000000000
    3    5
    -0.0000000000000659     0.0000000000000000        0.0097955750072111    -0.0000000000000000        0.0000000000000660    -0.0000000000000000
     0.0066437723839784    -0.0000000000000000        0.0000000000000659     0.0000000000000000        0.0000000000000001     0.0000000000000000
     0.0000000000000000     0.0000000000000000       -0.0000000000000660    -0.0000000000000000        0.0000000000000001    -0.0000000000000000
    4    1
    -0.0000000000000007    -0.0000000000000000        0.0020382007141915     0.0000000000000000       -0.0000000000000000    -0.0000000000000000
     0.0020382007141915     0.0000000000000000        0.0000000000000007    -0.0000000000000000       -0.0000000000000000     0.0000000000000000
    -0.0000000000000001     0.0000000000000000        0.0000000000000000     0.0000000000000000        0.0000000000000000     0.0000000000000000
    4    2
    -0.0000000000000001     0.0000000000000000        0.0000000000000000     0.0000000000000000       -0.0000000000000000    -0.0000000000000000
    -0.0000000000000000    -0.0000000000000000       -0.0000000000000001     0.0000000000000000        0.0000000000000000     0.0000000000000000
     0.0001623264469558    -0.0000000000000000        0.0001623264469558    -0.0000000000000000       -0.0044572735488574     0.0000000000000000
    4    3
     0.0000000000000655     0.0000000000000000        0.0000000000000001     0.0000000000000000        0.0066437723839784    -0.0000000000000000
    -0.0000000000000659     0.0000000000000000        0.0000000000000001    -0.0000000000000000        0.0000000000000000     0.0000000000000000
     0.0097955750072100    -0.0000000000000000        0.0000000000000659     0.0000000000000000       -0.0000000000000658    -0.0000000000000000
    4    4
     0.0017810170275751     0.0000000000000000        0.0000000000000000     0.0000000000000000        0.0000000000000659     0.0000000000000000
     0.0000000000000000     0.0000000000000000        0.0017810170275751     0.0000000000000000       -0.0000000000000659     0.0000000000000000
     0.0000000000000659     0.0000000000000000       -0.0000000000000659     0.0000000000000000        0.1188223340577424     0.0000000000000000
    4    5
     0.0000000000000001    -0.0000000000000000        0.0000000000000659    -0.0000000000000000        0.0000000000000001    -0.0000000000000000
     0.0000000000000000    -0.0000000000000000       -0.0000000000000658     0.0000000000000000        0.0066437723839784    -0.0000000000000000
    -0.0000000000000660     0.0000000000000000        0.0097955750072105     0.0000000000000000        0.0000000000000659     0.0000000000000000
    5    1
     0.0000000000000007    -0.0000000000000000       -0.0000000000000000    -0.0000000000000000        0.0020382007141912     0.0000000000000000
     0.0000000000000000    -0.0000000000000000        0.0000000000000000     0.0000000000000000       -0.0000000000000001    -0.0000000000000000
     0.0020382007141912     0.0000000000000000       -0.0000000000000000    -0.0000000000000000       -0.0000000000000007    -0.0000000000000000
    5    2
    -0.0000000000000002     0.0000000000000000        0.0000000000000000     0.0000000000000000        0.0000000000000000     0.0000000000000000
     0.0001623264469557    -0.0000000000000000       -0.0044572735488574     0.0000000000000000        0.0001623264469557    -0.0000000000000000
    -0.0000000000000000     0.0000000000000000       -0.0000000000000000    -0.0000000000000000        0.0000000000000002     0.0000000000000000
    5    3
    -0.0000000000000659    -0.0000000000000000        0.0066437723839784     0.0000000000000000        0.0000000000000000    -0.0000000000000000
     0.0097955750072111     0.0000000000000000        0.0000000000000659    -0.0000000000000000       -0.0000000000000660     0.0000000000000000
     0.0000000000000660     0.0000000000000000        0.0000000000000001    -0.0000000000000000        0.0000000000000001     0.0000000000000000
    5    4
     0.0000000000000001     0.0000000000000000        0.0000000000000000     0.0000000000000000       -0.0000000000000660    -0.0000000000000000
     0.0000000000000659     0.0000000000000000       -0.0000000000000658    -0.0000000000000000        0.0097955750072105    -0.0000000000000000
     0.0000000000000001     0.0000000000000000        0.0066437723839784     0.0000000000000000        0.0000000000000659    -0.0000000000000000
    5    5
     0.0017810170275751     0.0000000000000000       -0.0000000000000659    -0.0000000000000000        0.0000000000000000    -0.0000000000000000
    -0.0000000000000659    -0.0000000000000000        0.1188223340577424    -0.0000000000000000        0.0000000000000659     0.0000000000000000
     0.0000000000000000    -0.0000000000000000        0.0000000000000659     0.0000000000000000        0.0017810170275751    -0.0000000000000000

     Diagonalizing the dynamical matrix

     q = (    -0.079723452807    -0.079723452807    -0.079723452807 )

***************************************************************************
   freq (    1) =    -0.67454816 [THz] =   -22.50050159 [cm-1]
(   0.000000  0.000000   0.000000 -0.000000  -0.000000  0.000000 )
(  -0.000000  0.000000  -0.000000  0.000000  -0.000000  0.000000 )
(  -0.000000  0.000000   0.367079 -0.003505   0.503874 -0.005806 )
(  -0.503874  0.005806  -0.333583  0.006349  -0.000000  0.000000 )
(  -0.367079  0.003505  -0.000000  0.000000   0.333583 -0.006349 )
   freq (    2) =    -0.67454816 [THz] =   -22.50050159 [cm-1]
(   0.000000  0.000000   0.000000  0.000000  -0.000000 -0.000000 )
(  -0.000000 -0.000000  -0.000000 -0.000000  -0.000000 -0.000000 )
(  -0.000000 -0.000000   0.604342  0.000500  -0.304000  0.000910 )
(   0.304000 -0.000910   0.205798 -0.000932  -0.000000 -0.000000 )
(  -0.604342 -0.000500  -0.000000 -0.000000  -0.205798  0.000932 )
   freq (    3) =    -0.67454816 [THz] =   -22.50050159 [cm-1]
(  -0.000000  0.000000  -0.000000  0.000000  -0.000000 -0.000000 )
(   0.000000 -0.000000   0.000000 -0.000000   0.000000 -0.000000 )
(   0.000000 -0.000000  -0.003224  0.000848   0.391993  0.001451 )
(  -0.391993 -0.001451   0.588495 -0.001288   0.000000 -0.000000 )
(   0.003224 -0.000848   0.000000 -0.000000  -0.588495  0.001288 )
   freq (    4) =    -0.36614642 [THz] =   -12.21332832 [cm-1]
(   0.266282  0.000000  -0.185808  0.000941  -0.903216 -0.000943 )
(   0.000000 -0.000000  -0.000000 -0.000000  -0.000000 -0.000000 )
(   0.000000 -0.000000   0.186754  0.000195   0.038419 -0.000195 )
(   0.038419 -0.000195  -0.055058 -0.000000   0.000000  0.000000 )
(   0.186754  0.000195  -0.000000  0.000000  -0.055058 -0.000000 )
   freq (    5) =    -0.36614642 [THz] =   -12.21332832 [cm-1]
(   0.816904  0.000000  -0.388589 -0.000786   0.320774  0.000902 )
(  -0.000000  0.000000  -0.000000 -0.000000   0.000000  0.000000 )
(   0.000000  0.000000  -0.066325 -0.000186   0.080347  0.000162 )
(   0.080347  0.000162  -0.168908  0.000000   0.000000 -0.000000 )
(  -0.066325 -0.000186  -0.000000  0.000000  -0.168908 -0.000000 )
   freq (    6) =    -0.36614642 [THz] =   -12.21332832 [cm-1]
(   0.427776  0.000000   0.857731  0.000915  -0.050334 -0.001134 )
(  -0.000000 -0.000000   0.000000  0.000000   0.000000 -0.000000 )
(  -0.000000 -0.000000   0.010407  0.000235  -0.177350 -0.000189 )
(  -0.177350 -0.000189  -0.088450 -0.000000   0.000000  0.000000 )
(   0.010407  0.000235  -0.000000 -0.000000  -0.088450 -0.000000 )
   freq (    7) =     0.92931520 [THz] =    30.99861384 [cm-1]
(  -0.005361  0.000000  -0.186895 -0.001930   0.193270  0.002004 )
(   0.000000  0.000000  -0.000000 -0.000000  -0.000000 -0.000000 )
(  -0.000000 -0.000000   0.489464  0.005075  -0.473319 -0.004888 )
(  -0.473319 -0.004888  -0.013576 -0.000000   0.000000  0.000000 )
(   0.489464  0.005075   0.000000 -0.000000  -0.013576 -0.000000 )
   freq (    8) =     0.92931520 [THz] =    30.99861384 [cm-1]
(  -0.234666  0.000000   0.097611  0.000015   0.087883 -0.000049 )
(   0.000000  0.000000  -0.000000  0.000000   0.000000 -0.000000 )
(   0.000000  0.000000   0.222568 -0.000125   0.247204  0.000037 )
(   0.247204  0.000037  -0.594301 -0.000000  -0.000000 -0.000000 )
(   0.222568 -0.000125   0.000000 -0.000000  -0.594301 -0.000000 )
   freq (    9) =     0.92931520 [THz] =    30.99861384 [cm-1]
(   0.131235  0.000000   0.166907 -0.000053   0.165041 -0.000007 )
(   0.000000  0.000000  -0.000000  0.000000  -0.000000  0.000000 )
(   0.000000 -0.000000   0.417975 -0.000017   0.422700 -0.000134 )
(   0.422700 -0.000134   0.332359  0.000000  -0.000000 -0.000000 )
(   0.417975 -0.000017  -0.000000 -0.000000   0.332359  0.000000 )
   freq (   10) =     2.12603535 [THz] =    70.91689566 [cm-1]
(  -0.000000  0.000000  -0.000000 -0.000000  -0.000000  0.000000 )
(  -0.814008  0.001137   0.394175 -0.000568   0.419833 -0.000569 )
(  -0.061929  0.000087   0.000000 -0.000000   0.000000 -0.000000 )
(   0.000000 -0.000000  -0.000000  0.000000   0.031940 -0.000043 )
(   0.000000 -0.000000   0.029988 -0.000043   0.000000 -0.000000 )
   freq (   11) =     2.12603535 [THz] =    70.91689566 [cm-1]
(  -0.000000  0.000000   0.000000  0.000000   0.000000 -0.000000 )
(   0.014813  0.000124  -0.712326 -0.006944   0.697512  0.006820 )
(   0.001127  0.000009  -0.000000 -0.000000  -0.000000 -0.000000 )
(  -0.000000 -0.000000   0.000000  0.000000   0.053066  0.000519 )
(  -0.000000 -0.000000  -0.054193 -0.000528   0.000000  0.000000 )
   freq (   12) =     2.12821380 [THz] =    70.98956092 [cm-1]
(   0.000000  0.000000  -0.000000 -0.000000  -0.000000 -0.000000 )
(   0.575376  0.039677   0.575376  0.039677   0.575376  0.039677 )
(   0.026418  0.001822   0.000000  0.000000  -0.000000 -0.000000 )
(   0.000000  0.000000  -0.000000 -0.000000   0.026418  0.001822 )
(  -0.000000 -0.000000   0.026418  0.001822   0.000000  0.000000 )
   freq (   13) =     3.19717646 [THz] =   106.64631189 [cm-1]
(   0.000000  0.000000   0.000000 -0.000000  -0.000000  0.000000 )
(   0.027320 -0.000070  -0.036539  0.000095   0.009220 -0.000025 )
(  -0.586302  0.001492   0.000000  0.000000   0.000000 -0.000000 )
(   0.000000 -0.000000   0.000000 -0.000000  -0.197869  0.000545 )
(   0.000000 -0.000000   0.784171 -0.002038  -0.000000  0.000000 )
   freq (   14) =     3.19717646 [THz] =   106.64631189 [cm-1]
(   0.000000  0.000000  -0.000000 -0.000000  -0.000000  0.000000 )
(  -0.026419 -0.000090  -0.010450 -0.000034   0.036869  0.000124 )
(   0.566980  0.001939  -0.000000 -0.000000  -0.000000 -0.000000 )
(  -0.000000 -0.000000  -0.000000  0.000000  -0.791241 -0.002662 )
(   0.000000  0.000000   0.224261  0.000724   0.000000 -0.000000 )
   freq (   15) =     3.60033735 [THz] =   120.09430987 [cm-1]
(  -0.000000  0.000000   0.000000 -0.000000   0.000000 -0.000000 )
(  -0.016229  0.000095  -0.016229  0.000095  -0.016229  0.000095 )
(   0.577112 -0.003385   0.000000 -0.000000  -0.000000  0.000000 )
(   0.000000 -0.000000  -0.000000  0.000000   0.577112 -0.003385 )
(  -0.000000  0.000000   0.577112 -0.003385   0.000000 -0.000000 )
***************************************************************************
